# This file was produced by samtools stats (1.10+htslib-1.10.2) and can be plotted using plot-bamstats
# This file contains statistics for all reads.
# The command line was:  stats results/recal/A-1.bam
# CHK, Checksum	[2]Read Names	[3]Sequences	[4]Qualities
# CHK, CRC32 of reads which passed filtering followed by addition (32bit overflow)
CHK	dfafb0e7	3d6d9ff0	75b5bb97
# Summary Numbers. Use `grep ^SN | cut -f 2-` to extract this part.
SN	raw total sequences:	100000
SN	filtered sequences:	0
SN	sequences:	100000
SN	is sorted:	1
SN	1st fragments:	50000
SN	last fragments:	50000
SN	reads mapped:	100000
SN	reads mapped and paired:	100000	# paired-end technology bit set + both mates mapped
SN	reads unmapped:	0
SN	reads properly paired:	99994	# proper-pair bit set
SN	reads paired:	100000	# paired-end technology bit set
SN	reads duplicated:	4	# PCR or optical duplicate bit set
SN	reads MQ0:	4047	# mapped and MQ=0
SN	reads QC failed:	0
SN	non-primary alignments:	0
SN	total length:	9998959	# ignores clipping
SN	total first fragment length:	4999468	# ignores clipping
SN	total last fragment length:	4999491	# ignores clipping
SN	bases mapped:	9998959	# ignores clipping
SN	bases mapped (cigar):	9998279	# more accurate
SN	bases trimmed:	0
SN	bases duplicated:	400
SN	mismatches:	41691	# from NM fields
SN	error rate:	4.169818e-03	# mismatches / bases mapped (cigar)
SN	average length:	99
SN	average first fragment length:	100
SN	average last fragment length:	100
SN	maximum length:	100
SN	maximum first fragment length:	100
SN	maximum last fragment length:	100
SN	average quality:	26.1
SN	insert size average:	298.7
SN	insert size standard deviation:	29.1
SN	inward oriented pairs:	49999
SN	outward oriented pairs:	1
SN	pairs with other orientation:	0
SN	pairs on different chromosomes:	0
SN	percentage of properly paired reads (%):	100.0
# First Fragment Qualities. Use `grep ^FFQ | cut -f 2-` to extract this part.
# Columns correspond to qualities and rows to cycles. First column is the cycle number.
FFQ	1	0	0	0	0	0	0	0	0	0	0	0	0	0	0	0	0	0	0	0	0	1	0	2	0	3	14	24813	0	0	25167	0	0	0	0
FFQ	2	0	0	0	0	0	0	0	0	0	0	0	0	0	0	0	0	0	0	0	0	0	0	0	1	2031	5776	1613	6689	6899	9436	3521	11201	2833	0
FFQ	3	0	0	0	0	0	0	0	0	0	0	0	0	0	0	0	0	0	0	0	1	0	2	3	7	11	2061	5695	1529	7977	12676	6112	11214	2712	0
FFQ	4	0	0	0	0	0	0	0	0	0	0	0	0	0	0	0	0	0	0	0	0	0	1	3	6	12	2027	5623	1611	8064	12537	6143	11241	2732	0
FFQ	5	0	0	0	0	0	0	0	0	0	0	0	0	0	0	0	0	0	0	0	0	3	4	2	8	2006	5845	1700	6974	7102	9285	3485	10865	2721	0
FFQ	6	0	0	0	0	0	0	0	0	0	0	0	0	0	0	0	0	0	0	1	1	1	2	5	6	6	2053	6323	1975	8468	12053	6078	10471	2557	0
FFQ	7	0	0	0	0	0	0	0	0	0	0	0	0	0	0	0	0	0	0	0	0	0	1	4	8	1959	5817	2660	8395	12793	6166	9779	2418	0	0
FFQ	8	0	0	0	0	0	0	0	0	0	0	0	0	0	0	0	0	0	0	0	2	4	1	5	4	2035	5882	3226	7549	8550	8619	2853	8937	2333	0
FFQ	9	0	0	0	0	0	0	0	0	0	0	0	0	0	0	0	0	0	0	0	1	1	1	7	11	14	2471	7607	3835	13862	8870	11100	2220	0	0
FFQ	10	0	0	0	0	0	0	0	0	0	0	0	0	0	0	0	0	0	0	1	0	0	2	5	10	22	2812	7847	4137	13799	8811	10583	1971	0	0
FFQ	11	0	0	0	0	0	0	0	0	0	0	0	0	0	0	0	0	0	0	0	0	3	3	13	12	605	2583	8757	4056	13494	8781	9840	1853	0	0
FFQ	12	0	0	0	0	0	0	0	0	0	0	0	0	0	0	0	0	0	0	0	1	0	5	9	20	100	3212	8734	3824	10360	10567	4690	6815	1663	0
FFQ	13	0	0	0	0	0	0	0	0	0	0	0	0	0	0	0	0	0	0	1	1	0	3	23	34	2032	7272	4826	9893	12578	5430	6369	1538	0	0
FFQ	14	0	0	0	0	0	0	0	0	0	0	0	0	0	0	0	0	0	0	1	3	2	13	39	60	2162	7669	4911	10105	12328	5383	5870	1454	0	0
FFQ	15	0	0	0	0	0	0	0	0	0	0	0	0	0	0	0	0	0	0	0	4	1	1	7	108	308	4010	9350	5287	13181	8171	8133	1439	0	0
FFQ	16	0	0	0	0	0	0	0	0	0	0	0	0	0	0	0	0	0	0	1	2	0	8	16	169	399	4424	9248	5461	12879	8132	7945	1316	0	0
FFQ	17	0	0	0	0	0	0	0	0	0	0	0	0	0	0	0	0	0	0	2	1	4	9	71	215	508	4466	9466	5483	12554	8285	7656	1280	0	0
FFQ	18	0	0	0	0	0	0	0	0	0	0	0	0	0	0	1	1	0	1	1	4	3	4	55	316	660	4406	7279	6658	11484	9757	8221	1149	0	0
FFQ	19	0	0	0	0	0	0	0	0	0	0	0	0	0	0	2	0	0	0	0	1	0	12	71	364	707	5044	9465	5620	12450	8127	7018	1119	0	0
FFQ	20	0	0	0	0	0	0	0	0	0	0	0	0	0	0	2	0	0	2	1	1	7	27	54	494	827	5245	9629	5567	12251	7857	6975	1061	0	0
FFQ	21	0	0	0	0	0	0	0	0	0	0	0	0	0	0	0	0	0	0	1	0	5	48	202	531	989	5385	9657	5564	12126	7699	6767	1026	0	0
FFQ	22	0	0	0	0	0	0	0	0	0	0	0	0	0	0	1	0	0	3	2	5	3	21	140	673	3052	9209	5574	10638	11108	4669	4018	884	0	0
FFQ	23	0	0	0	0	0	0	0	0	0	0	0	0	0	1	0	0	0	0	2	3	1	97	514	605	1611	5354	9507	5684	11714	7607	6418	882	0	0
FFQ	24	0	0	0	0	0	0	0	0	0	0	0	0	0	0	0	0	1	0	1	8	2	41	200	914	1333	5859	9778	5538	11734	7556	6172	863	0	0
FFQ	25	0	0	0	0	0	0	0	0	0	0	0	0	0	0	0	0	1	1	0	3	6	57	299	1043	1438	6184	9477	5549	11528	7470	6035	909	0	0
FFQ	26	0	0	0	0	0	0	0	0	0	0	0	0	0	0	1	0	0	2	1	7	17	80	352	1167	1544	6209	9615	5387	11442	7356	5990	830	0	0
FFQ	27	0	0	0	0	0	0	0	0	0	0	0	0	0	0	0	0	1	3	4	9	12	95	375	1260	3627	9961	5551	10458	10257	4343	3237	807	0	0
FFQ	28	0	0	0	0	0	0	0	0	0	0	0	0	0	0	1	0	1	4	3	10	19	148	465	1399	1823	6306	9744	5435	10886	7395	5623	738	0	0
FFQ	29	0	0	0	0	0	0	0	0	0	0	0	0	0	1	1	1	0	0	4	15	29	186	430	1564	1975	6380	9468	5210	10860	7566	5549	761	0	0
FFQ	30	0	0	0	0	0	0	0	0	0	0	0	0	0	0	0	0	2	2	7	15	37	203	553	1617	3892	10167	5418	10485	9852	4210	2833	707	0	0
FFQ	31	0	0	0	0	0	0	0	0	0	0	0	0	0	0	0	0	2	2	3	18	47	238	602	1796	2033	6439	9539	5149	10868	7117	5450	697	0	0
FFQ	32	0	0	0	0	0	0	0	0	0	0	0	0	0	1	3	1	1	2	18	22	67	254	654	1848	2139	6535	9548	5295	10510	7200	5273	629	0	0
FFQ	33	0	0	0	0	0	0	0	0	0	0	0	0	0	0	0	1	2	1	9	25	62	359	750	1990	2218	6564	9338	5112	10602	7202	5098	667	0	0
FFQ	34	0	0	0	0	0	0	0	0	0	0	0	0	1	0	1	0	1	3	15	45	68	404	778	2100	2305	6618	9404	5010	10289	7104	5241	613	0	0
FFQ	35	0	0	0	0	0	0	0	0	0	0	0	0	0	0	0	1	1	3	11	51	89	429	897	2147	2323	6626	9487	4944	10307	6995	5084	605	0	0
FFQ	36	0	0	0	0	0	0	0	0	0	0	0	0	0	1	0	1	4	5	18	72	113	531	922	2299	2457	6613	9199	4955	10350	6866	4997	597	0	0
FFQ	37	0	0	0	0	0	0	0	0	0	0	0	0	0	2	1	2	5	5	20	105	145	589	946	2474	2402	6514	9275	4814	10263	6915	4925	598	0	0
FFQ	38	0	0	0	0	0	0	0	0	0	0	0	0	0	2	0	3	1	4	22	90	155	651	1135	2470	4512	10283	5120	9761	9106	3760	2342	583	0	0
FFQ	39	0	0	0	0	0	0	0	0	0	0	0	0	0	0	3	4	2	10	26	114	211	719	1089	2560	2500	6811	9056	4679	10211	6701	4742	562	0	0
FFQ	40	0	0	0	0	0	0	0	0	0	0	0	0	0	2	1	3	12	8	41	137	196	842	1166	2699	2569	6555	8977	4605	10014	6805	4796	572	0	0
FFQ	41	0	0	0	0	0	0	0	0	0	0	0	0	0	0	1	2	3	10	40	153	245	826	1263	2769	2472	6492	8904	4661	9949	6837	4856	517	0	0
FFQ	42	0	0	0	0	0	0	0	0	0	0	0	0	1	3	2	2	5	14	49	167	221	915	1281	2788	2563	6567	9040	4623	9813	6771	4670	505	0	0
FFQ	43	0	0	0	0	0	0	0	0	0	0	0	0	2	2	4	3	11	17	60	211	307	972	1363	2833	2643	6531	9039	4549	9611	6752	4615	475	0	0
FFQ	44	0	0	0	0	0	0	0	0	0	0	0	0	1	0	2	8	10	18	66	232	328	1004	1449	2906	2693	6519	8830	4610	9688	6720	4431	485	0	0
FFQ	45	0	0	0	0	0	0	0	0	0	0	0	0	0	0	3	2	16	19	99	275	390	1112	1468	2960	4739	10175	4696	9456	8638	3592	1890	470	0	0
FFQ	46	0	0	0	0	0	0	0	0	0	0	0	0	2	0	6	4	17	27	97	297	412	1076	1501	3081	2574	6597	8845	4491	9518	6529	4453	473	0	0
FFQ	47	0	0	0	0	0	0	0	0	0	0	0	0	2	0	2	4	20	25	121	336	445	1209	1578	2987	2706	6445	8734	4274	9404	6696	4534	478	0	0
FFQ	48	0	0	0	0	0	0	0	0	0	0	0	0	0	3	7	9	23	38	140	331	424	1275	1542	3040	2559	6395	8879	4313	9514	6688	4360	460	0	0
FFQ	49	0	0	0	0	0	0	0	0	0	0	0	0	2	5	8	16	23	45	141	412	479	1358	1728	3197	2578	6229	8687	4225	9385	6573	4451	458	0	0
FFQ	50	0	0	0	0	0	0	0	0	0	0	0	0	0	4	5	13	34	45	189	394	528	1370	1684	3127	2689	6313	8649	4297	9368	6518	4364	409	0	0
FFQ	51	0	0	0	0	0	0	0	0	0	0	0	0	2	4	10	12	38	70	218	482	608	1370	1719	3149	2672	6316	8599	4221	9200	6550	4348	412	0	0
FFQ	52	0	0	0	0	0	0	0	0	0	0	0	1	0	4	11	12	43	54	221	461	571	1504	1865	3265	2614	6253	8631	4198	9161	6536	4203	392	0	0
FFQ	53	0	0	0	0	0	0	0	0	0	0	0	0	1	5	16	21	35	80	246	570	629	1605	1779	3313	2580	6211	8646	4036	9073	6488	4233	433	0	0
FFQ	54	0	0	0	0	0	0	0	0	0	0	0	0	4	3	9	16	57	90	251	579	663	1577	1820	3267	2633	6224	8480	4112	9144	6563	4085	423	0	0
FFQ	55	0	0	0	0	0	0	0	0	0	0	0	0	7	8	9	34	63	90	303	634	696	1665	1920	3261	2508	6062	8593	3956	9061	6536	4181	413	0	0
FFQ	56	0	0	0	0	0	1	0	0	0	0	0	0	3	6	25	41	63	102	290	667	670	1733	1926	3314	2615	6044	8371	3951	9217	6341	4256	364	0	0
FFQ	57	0	0	0	0	0	0	0	0	0	0	0	0	3	6	22	29	83	120	313	643	776	1774	1869	3343	2561	6098	8418	3965	9148	6346	4097	386	0	0
FFQ	58	0	0	0	0	0	0	0	0	0	0	0	0	1	12	24	59	116	136	344	751	799	1810	1913	3305	2735	6070	8293	3970	8810	6550	3961	341	0	0
FFQ	59	0	0	0	0	0	0	0	0	0	0	0	0	3	10	23	38	95	162	410	701	853	1929	1972	3353	4505	9644	4208	8826	8003	3472	1442	351	0	0
FFQ	60	0	0	0	0	0	0	0	0	0	0	0	0	3	12	28	50	115	153	431	780	906	1804	2011	3392	2559	5951	8115	3878	9003	6486	3996	327	0	0
FFQ	61	0	0	0	0	0	1	0	0	0	0	0	0	6	25	50	66	129	187	433	832	923	1948	2059	3368	2610	5827	8163	3802	8682	6492	4061	336	0	0
FFQ	62	0	0	0	0	0	2	0	0	0	0	0	0	2	20	47	67	150	206	520	860	891	1907	1981	3364	2552	5915	8078	3790	8849	6443	4007	349	0	0
FFQ	63	0	0	0	0	0	0	0	0	0	0	0	0	7	25	41	81	172	210	537	902	987	1966	1972	3410	2549	5849	8110	3709	8751	6424	3961	337	0	0
FFQ	64	1	0	0	0	0	0	0	0	0	0	0	0	13	22	51	72	153	225	535	955	1017	2066	2051	3366	2508	5855	8046	3656	8621	6420	3998	369	0	0
FFQ	65	0	0	1	0	0	0	0	0	0	0	0	0	9	30	55	108	188	272	563	969	997	2102	2035	3347	2458	5765	8035	3750	8683	6371	3936	326	0	0
FFQ	66	0	0	0	1	0	0	0	0	0	0	0	0	12	35	58	107	196	238	609	1016	1024	2146	2038	3390	4437	9539	3928	8703	7564	3353	1252	354	0	0
FFQ	67	0	0	0	0	0	0	0	0	0	0	0	1	19	36	98	112	210	302	605	1060	1065	2069	2126	3365	2483	5583	7916	3587	8689	6421	3903	350	0	0
FFQ	68	2	1	0	0	0	0	0	0	0	0	0	0	14	36	85	133	219	324	665	1073	1090	2157	2037	3303	2437	5559	7995	3640	8592	6416	3928	294	0	0
FFQ	69	0	1	0	0	0	0	0	0	0	0	0	0	19	40	83	152	255	316	705	1135	1082	2206	2154	3287	2492	5664	7819	3646	8541	6339	3770	294	0	0
FFQ	70	1	1	0	0	0	1	0	0	0	0	0	0	23	50	96	176	276	376	729	1167	1081	2207	2108	3275	2475	5551	8009	3553	8560	6198	3796	291	0	0
FFQ	71	0	0	1	0	0	0	0	0	0	0	0	1	28	57	95	188	286	354	732	1147	1170	2177	2071	3303	4417	9220	3830	8504	7571	3324	1221	303	0	0
FFQ	72	0	0	0	0	0	0	0	0	0	0	0	1	28	62	115	226	319	367	769	1161	1217	2294	2097	3296	4367	9029	3758	8608	7569	3219	1205	293	0	0
FFQ	73	2	0	0	0	0	2	0	0	0	0	0	0	28	79	156	223	314	391	749	1205	1194	2289	2059	3209	4357	9266	3723	8443	7627	3183	1177	324	0	0
FFQ	74	0	0	0	1	0	1	0	0	0	0	0	2	30	88	145	253	357	433	809	1265	1212	2327	2079	3255	4319	9001	3819	8408	7475	3222	1191	308	0	0
FFQ	75	1	2	0	2	3	2	0	0	0	0	0	0	38	96	176	252	381	394	865	1345	1277	2347	2129	3312	4278	8768	3756	8460	7465	3226	1144	281	0	0
FFQ	76	2	1	0	1	0	0	0	0	0	0	0	3	42	108	191	296	378	458	857	1372	1303	2270	2044	3171	4289	8906	3661	8464	7508	3265	1125	285	0	0
FFQ	77	2	0	2	0	0	0	0	0	0	0	0	2	64	87	193	256	386	450	839	1370	1240	2307	2060	3267	4275	8872	3698	8430	7522	3244	1135	299	0	0
FFQ	78	0	1	0	0	0	2	0	0	0	0	0	1	51	143	207	325	399	446	866	1376	1263	2425	2034	3291	4258	8927	3597	8359	7438	3188	1122	281	0	0
FFQ	79	0	0	0	0	2	0	0	0	0	0	0	3	59	123	213	313	460	520	891	1338	1289	2305	2109	5111	7986	4834	8786	7375	4359	592	1068	264	0	0
FFQ	80	3	1	1	0	0	1	0	0	0	0	0	1	53	133	245	352	464	550	907	1391	1347	2365	2119	3273	4267	8827	3526	8369	7338	3179	1001	287	0	0
FFQ	81	4	0	0	0	2	1	0	0	0	0	0	2	65	151	264	349	501	499	900	1405	1357	2372	2104	5211	8054	4779	8850	7646	3932	1281	271	0	0	0
FFQ	82	2	0	0	0	2	2	0	0	0	0	0	3	93	194	280	379	508	567	975	1398	1382	2354	2044	3092	4210	8732	3632	8224	7346	3180	1127	274	0	0
FFQ	83	4	2	0	1	4	1	0	0	0	0	0	11	115	199	250	395	515	584	993	1467	1372	2356	2024	5100	7856	4691	8674	7186	4350	587	1013	250	0	0
FFQ	84	1	0	1	0	0	3	0	0	0	0	0	0	92	181	317	465	515	630	1061	1495	1339	2445	2111	5112	7736	4752	8610	7816	3862	1205	251	0	0	0
FFQ	85	5	2	1	0	2	3	0	0	0	0	0	3	117	210	314	454	587	625	1044	1474	1368	2411	1970	5053	7831	4785	8393	7258	4261	599	981	249	0	0
FFQ	86	4	0	2	2	1	3	0	0	0	0	0	3	128	207	345	496	562	571	1112	1448	1414	2326	2099	5103	7781	4682	8471	7253	4188	576	961	262	0	0
FFQ	87	12	0	0	4	0	2	0	0	0	0	0	5	124	242	385	524	575	607	1120	1464	1348	2413	2094	5022	7698	4654	8593	7156	4156	570	977	255	0	0
FFQ	88	8	2	1	2	4	1	0	0	0	0	0	5	130	236	394	483	581	693	1115	1530	1464	2923	1817	5315	7181	5260	8036	7583	3743	304	957	232	0	0
FFQ	89	8	1	2	0	1	3	0	0	0	0	0	66	148	206	433	488	607	716	1072	1524	1474	2416	2042	5089	7757	4611	8214	7139	4236	531	963	253	0	0
FFQ	90	5	1	2	0	6	5	0	0	0	0	0	4	138	298	419	581	697	851	1107	1543	1230	2347	1976	4993	7803	4485	8614	7656	3879	1119	241	0	0	0
FFQ	91	3	3	3	3	0	2	0	0	0	0	0	2	164	311	453	552	662	722	1171	1632	1464	2514	4538	8272	4256	8826	7057	4196	1507	484	980	223	0	0
FFQ	92	9	2	2	2	3	7	0	0	0	0	0	2	188	326	422	600	649	688	1187	1601	1467	2521	4493	8478	3810	9451	7172	4470	965	290	960	235	0	0
FFQ	93	12	3	2	5	5	9	0	0	0	0	0	4	178	349	461	586	681	737	1215	1548	1481	2389	2027	4850	7874	4414	8387	7563	3887	1117	216	0	0	0
FFQ	94	11	1	3	4	3	9	0	0	0	0	0	5	187	374	522	667	690	693	1191	1733	1868	2323	4160	8033	4410	9336	7939	4205	487	921	225	0	0	0
FFQ	95	10	2	0	4	4	3	0	0	0	0	0	4	204	364	561	612	738	739	1221	1793	1978	2791	4056	8794	2802	9574	6943	4285	1183	1110	225	0	0	0
FFQ	96	14	5	3	3	6	5	0	0	0	0	0	7	200	417	561	659	722	801	1242	1583	1556	2905	3690	8756	3572	9111	7949	3864	1007	1132	230	0	0	0
FFQ	97	16	2	5	10	8	9	0	0	0	0	0	7	200	407	574	728	697	786	1236	1569	1481	2353	4038	8499	4408	9419	7630	4259	518	925	216	0	0	0
FFQ	98	15	6	5	10	7	13	0	0	0	0	0	3	292	447	587	695	786	804	1193	1681	1537	2786	3837	8830	3717	8800	7813	3825	973	1125	213	0	0	0
FFQ	99	21	4	4	8	9	17	0	0	0	0	0	6	234	454	587	767	800	1203	1165	1760	1150	4305	7500	4466	9218	7823	4909	1308	958	1095	222	0	0	0
FFQ	100	0	0	0	0	0	0	0	0	0	0	0	12	164	350	548	753	743	852	1290	1632	1486	2520	4458	8455	3649	9130	6906	4197	951	269	873	237	0	0
# Last Fragment Qualities. Use `grep ^LFQ | cut -f 2-` to extract this part.
# Columns correspond to qualities and rows to cycles. First column is the cycle number.
LFQ	1	0	0	0	0	0	0	0	0	0	0	0	0	0	0	0	0	0	0	0	0	0	0	0	1	11	19	24916	0	0	25053	0	0	0	0
LFQ	2	0	0	0	0	0	0	0	0	0	0	0	0	0	0	0	0	0	0	0	0	1	0	3	3	2012	5711	1618	6620	7071	9509	3529	11175	2748	0
LFQ	3	0	0	0	0	0	0	0	0	0	0	0	0	0	0	0	0	0	0	0	0	0	1	2	2	2052	5737	1621	6700	6948	9640	3546	10999	2752	0
LFQ	4	0	0	0	0	0	0	0	0	0	0	0	0	0	0	0	0	0	0	0	0	0	0	1	11	1981	5608	1661	6662	7042	9357	3509	11373	2795	0
LFQ	5	0	0	0	0	0	0	0	0	0	0	0	0	0	0	0	0	0	0	0	0	0	1	2	7	1955	5746	1885	6739	7432	9230	3422	10899	2682	0
LFQ	6	0	0	0	0	0	0	0	0	0	0	0	0	0	0	0	0	0	0	0	1	1	3	3	3	3	1980	6266	3153	13687	9210	13073	2617	0	0
LFQ	7	0	0	0	0	0	0	0	0	0	0	0	0	0	0	0	0	0	0	0	0	0	4	5	5	2089	5604	2623	7393	7896	9072	3201	9705	2403	0
LFQ	8	0	0	0	0	0	0	0	0	0	0	0	0	0	0	0	0	0	1	1	0	0	5	5	10	5	2331	7203	2541	9295	11646	5565	9078	2314	0
LFQ	9	0	0	0	0	0	0	0	0	0	0	0	0	0	0	0	0	0	0	0	0	1	5	6	17	2058	6251	3637	8793	12751	5920	8464	2097	0	0
LFQ	10	0	0	0	0	0	0	0	0	0	0	0	0	0	0	0	0	0	0	0	1	0	1	8	31	2394	6068	4079	8982	12656	6017	7812	1951	0	0
LFQ	11	0	0	0	0	0	0	0	0	0	0	0	0	0	0	0	0	0	0	0	2	1	5	11	19	1992	6785	4179	9390	12639	5757	7361	1859	0	0
LFQ	12	0	0	0	0	0	0	0	0	0	0	0	0	0	0	0	0	0	0	0	0	2	9	10	21	84	3273	8493	4687	13539	8685	9550	1647	0	0
LFQ	13	0	0	0	0	0	0	0	0	0	0	0	0	0	0	0	1	0	0	0	1	0	4	6	52	2101	7354	4627	9894	12342	5650	6379	1589	0	0
LFQ	14	0	0	0	0	0	0	0	0	0	0	0	0	0	0	0	0	0	0	1	5	2	8	7	68	217	3885	9037	5102	13283	8363	8583	1439	0	0
LFQ	15	0	0	0	0	0	0	0	0	0	0	0	0	0	0	0	0	0	0	3	1	0	2	22	105	277	4130	9282	5141	13233	8246	8218	1340	0	0
LFQ	16	0	0	0	0	0	0	0	0	0	0	0	0	0	0	0	0	0	0	0	2	2	9	34	164	414	4396	9199	5436	13116	8108	7761	1359	0	0
LFQ	17	0	0	0	0	0	0	0	0	0	0	0	0	0	0	0	0	0	1	1	3	3	5	52	204	504	4634	9413	5491	12641	8196	7607	1245	0	0
LFQ	18	0	0	0	0	0	0	0	0	0	0	0	0	0	0	0	0	0	0	0	4	2	7	40	309	677	4838	9465	5595	12642	7889	7301	1231	0	0
LFQ	19	0	0	0	0	0	0	0	0	0	0	0	0	0	0	0	0	0	1	0	6	5	10	55	355	738	4971	9533	5589	12527	7930	7093	1187	0	0
LFQ	20	0	0	0	0	0	0	0	0	0	0	0	0	0	0	0	0	0	0	1	6	8	8	91	484	877	5177	9710	5554	12244	7775	6923	1142	0	0
LFQ	21	0	0	0	0	0	0	0	0	0	0	0	0	0	0	0	0	2	1	2	2	5	15	106	556	989	5567	9682	5594	12091	7679	6676	1033	0	0
LFQ	22	0	0	0	0	0	0	0	0	0	0	0	0	0	0	0	0	1	0	1	3	8	21	143	696	1068	5637	9630	5481	12115	7639	6581	976	0	0
LFQ	23	0	0	0	0	0	0	0	0	0	0	0	0	0	0	0	1	0	0	1	5	5	29	167	843	1281	5620	9800	5621	11676	7559	6387	1005	0	0
LFQ	24	0	0	0	0	0	0	0	0	0	0	0	0	0	0	0	1	1	1	1	1	8	46	197	896	1419	5800	9560	5572	11789	7595	6245	868	0	0
LFQ	25	0	0	0	0	0	0	0	0	0	0	0	0	0	0	2	1	0	0	4	7	7	121	466	994	1510	5808	9562	5586	11587	7417	6059	869	0	0
LFQ	26	0	0	0	0	0	0	0	0	0	0	0	0	0	0	0	0	1	2	2	8	8	97	264	1144	1560	6150	9705	5578	11420	7388	5855	818	0	0
LFQ	27	0	0	0	0	0	0	0	0	0	0	0	0	0	0	0	1	0	1	4	5	10	115	349	1230	1620	6223	9599	5448	11265	7426	5899	805	0	0
LFQ	28	0	0	0	0	0	0	0	0	0	0	0	0	0	0	0	0	0	2	6	6	19	163	438	1436	3728	10142	5473	10383	9992	4373	3061	778	0	0
LFQ	29	0	0	0	0	0	0	0	0	0	0	0	0	0	0	0	1	1	2	5	16	19	172	494	1540	3881	10109	5495	10338	10008	4270	2931	718	0	0
LFQ	30	0	0	0	0	0	0	0	0	0	0	0	0	0	0	0	2	2	1	1	15	34	209	564	1659	2006	6432	9670	5216	10774	7230	5456	729	0	0
LFQ	31	0	0	0	0	0	0	0	0	0	0	0	0	1	0	1	1	0	1	5	30	37	230	653	1728	2094	6430	9511	5268	10737	7163	5443	667	0	0
LFQ	32	0	0	0	0	0	0	0	0	0	0	0	0	0	0	0	0	1	2	5	24	52	319	676	1899	4059	10434	5373	10021	9505	4170	2769	691	0	0
LFQ	33	0	0	0	0	0	0	0	0	0	0	0	0	0	0	2	0	3	3	6	34	52	310	730	2055	2180	6547	9448	4978	10610	7100	5250	692	0	0
LFQ	34	0	0	0	0	0	0	0	0	0	0	0	0	0	0	0	1	5	2	14	44	76	372	826	2121	2237	6681	9376	5044	10339	7060	5150	652	0	0
LFQ	35	0	0	0	0	0	0	0	0	0	0	0	0	0	0	3	1	1	2	9	48	95	444	862	2144	2305	6683	9166	5100	10354	7118	5048	617	0	0
LFQ	36	0	0	0	0	0	0	0	0	0	0	0	0	0	0	2	1	2	4	11	62	131	491	987	2297	2397	6598	9238	4939	10293	7050	4901	596	0	0
LFQ	37	0	0	0	0	0	0	0	0	0	0	0	0	0	2	1	2	1	7	17	75	109	591	950	2381	2403	6694	9253	4777	10086	7036	5048	567	0	0
LFQ	38	0	0	0	0	0	0	0	0	0	0	0	0	1	1	1	0	3	6	18	81	168	611	1091	2517	2472	6710	9211	4826	9999	6828	4830	626	0	0
LFQ	39	0	0	0	0	0	0	0	0	0	0	0	0	0	0	1	4	4	7	17	111	195	628	1204	2565	2580	6586	9098	4774	9944	6905	4846	531	0	0
LFQ	40	0	0	0	0	0	0	0	0	0	0	0	0	0	0	2	2	5	3	40	126	231	719	1166	2598	2556	6725	9031	4724	10030	6729	4774	539	0	0
LFQ	41	0	0	0	0	0	0	0	0	0	0	0	0	0	0	2	5	3	10	113	105	309	689	1219	2691	2562	6608	9125	4640	9866	6759	4787	507	0	0
LFQ	42	0	0	0	0	0	0	0	0	0	0	0	0	0	0	2	3	7	7	55	190	240	879	1308	2765	2534	6654	9060	4652	9696	6794	4656	498	0	0
LFQ	43	0	0	0	0	0	0	0	0	0	0	0	0	1	2	1	3	8	13	67	198	284	981	1315	2889	2634	6577	8942	4523	9707	6659	4685	511	0	0
LFQ	44	0	0	0	0	0	0	0	0	0	0	0	0	0	0	1	3	9	14	59	231	322	1001	1424	2982	2586	6505	8901	4483	9664	6765	4529	521	0	0
LFQ	45	0	0	0	0	0	0	0	0	0	0	0	0	0	2	4	3	11	9	91	257	342	1139	1446	2930	2658	6557	8782	4572	9580	6584	4532	501	0	0
LFQ	46	0	0	0	0	0	0	0	0	0	0	0	0	2	1	1	6	16	28	107	238	390	1137	1548	3002	2652	6435	8889	4501	9475	6591	4510	471	0	0
LFQ	47	0	0	0	0	0	0	0	0	0	0	0	0	2	2	6	9	18	30	107	309	426	1253	1523	3052	2721	6460	8723	4320	9434	6735	4448	422	0	0
LFQ	48	0	0	0	0	0	0	0	0	0	0	0	0	1	6	1	5	28	37	137	348	463	1351	1567	3071	2594	6466	8732	4239	9449	6690	4360	455	0	0
LFQ	49	0	0	0	0	0	0	0	0	0	0	0	0	4	5	3	13	26	45	135	383	486	1388	1618	3124	2715	6409	8561	4264	9401	6612	4375	433	0	0
LFQ	50	0	0	0	0	0	0	0	0	0	0	0	0	6	2	2	13	24	47	160	408	517	1435	1667	3199	2599	6350	8498	4224	9433	6632	4332	452	0	0
LFQ	51	0	0	0	0	0	0	0	0	0	0	0	0	3	1	6	15	35	63	187	501	570	1427	1741	3192	4603	9865	4454	9252	8393	3546	1720	426	0	0
LFQ	52	0	0	0	0	0	0	0	0	0	0	0	0	0	3	6	22	37	79	224	491	598	1486	1769	3187	2563	6284	8764	4206	9257	6499	4157	368	0	0
LFQ	53	0	0	0	0	0	0	0	0	0	0	0	0	0	6	11	19	56	88	241	521	647	1555	1815	3183	2632	6195	8533	3980	9200	6635	4266	417	0	0
LFQ	54	0	0	0	0	0	0	0	0	0	0	0	1	0	2	16	24	63	92	247	618	698	1548	1865	3299	2620	6193	8451	3977	9119	6592	4147	428	0	0
LFQ	55	0	0	0	0	0	0	0	0	0	0	0	0	1	11	13	30	79	112	288	592	714	1616	1847	3287	2625	5987	8453	4014	9173	6495	4259	404	0	0
LFQ	56	0	0	0	0	1	0	0	0	0	0	0	0	2	3	19	35	66	117	305	648	751	1720	1828	3390	2683	5992	8358	4086	8947	6472	4213	364	0	0
LFQ	57	0	0	0	0	0	0	0	0	0	0	0	0	5	7	25	33	78	134	327	666	771	1738	1876	3382	2628	6085	8287	3878	9053	6518	4136	373	0	0
LFQ	58	0	0	0	0	0	1	0	0	0	0	0	0	3	11	17	56	96	134	391	761	834	1798	1889	3353	2617	5977	8386	3928	8947	6375	4041	385	0	0
LFQ	59	0	0	0	0	1	0	0	0	0	0	0	0	3	11	21	51	94	172	423	757	848	1822	1866	3371	2570	6032	8379	3866	8822	6562	3933	396	0	0
LFQ	60	0	0	0	0	0	0	0	0	0	0	0	0	7	18	20	57	138	168	399	872	866	1884	1901	3387	4616	9699	4135	8821	7926	3354	1390	342	0	0
LFQ	61	0	0	0	0	0	0	0	0	0	0	0	0	9	16	34	61	117	200	449	837	871	2011	2030	3301	2568	5965	8150	3798	8885	6350	3984	364	0	0
LFQ	62	0	0	0	1	0	0	0	0	0	0	0	0	4	10	37	75	137	195	494	848	912	1980	2004	3281	4510	9480	4087	8809	8043	3339	1406	348	0	0
LFQ	63	0	0	0	0	1	0	0	0	0	0	0	0	3	18	47	90	158	208	519	897	967	2035	2035	3285	2597	5714	8210	3761	8802	6256	4041	356	0	0
LFQ	64	0	0	0	0	0	0	0	0	0	0	0	1	5	16	70	88	149	240	540	978	978	2006	2124	3443	4381	9423	3982	8898	7784	3277	1283	334	0	0
LFQ	65	0	0	0	0	0	0	0	0	0	0	0	0	11	22	48	111	204	226	560	969	1001	1971	2003	3334	2543	5722	8093	3683	8731	6397	4037	334	0	0
LFQ	66	0	0	0	0	0	0	0	0	0	0	0	0	21	33	84	108	206	266	547	1043	1022	2126	2034	3426	2478	5679	8021	3708	8595	6357	3926	320	0	0
LFQ	67	0	0	0	0	1	0	0	0	0	0	0	1	8	34	86	150	220	280	594	1000	1095	2133	2039	3356	4429	9425	3895	8708	7568	3391	1256	331	0	0
LFQ	68	0	0	1	1	0	1	0	0	0	0	0	1	17	37	81	120	224	308	645	1076	1052	2126	2085	3297	2470	5658	7947	3651	8603	6423	3833	343	0	0
LFQ	69	1	0	0	0	0	2	0	0	0	0	0	0	14	49	97	161	265	312	694	1137	1135	2223	1974	3216	4404	9272	3836	8844	7578	3195	1271	320	0	0
LFQ	70	0	0	0	0	0	2	0	0	0	0	0	2	22	51	99	170	263	340	707	1188	1126	2274	2018	3292	4487	9143	3776	8599	7612	3283	1217	329	0	0
LFQ	71	1	0	1	2	0	0	0	0	0	0	0	0	25	56	145	191	283	353	764	1142	1138	2250	2127	3257	4426	9184	3767	8528	7555	3317	1194	294	0	0
LFQ	72	0	0	0	0	0	0	0	0	0	0	0	0	37	72	117	175	315	386	721	1196	1228	2245	2110	3274	2324	5538	7976	3506	8479	6189	3832	280	0	0
LFQ	73	0	0	0	0	1	0	0	0	0	0	0	1	33	63	140	226	308	382	771	1183	1232	2325	1987	3198	4274	9254	3772	8423	7531	3364	1240	292	0	0
LFQ	74	1	0	1	1	1	3	0	0	0	0	0	0	42	84	166	210	347	399	828	1279	1172	2245	2080	3305	4352	9052	3642	8404	7512	3345	1240	289	0	0
LFQ	75	0	0	3	2	0	2	0	0	0	0	0	3	30	73	162	235	394	455	864	1287	1250	2253	2134	3293	4182	8926	3776	8466	7552	3233	1118	307	0	0
LFQ	76	3	0	1	1	1	2	0	0	0	0	0	2	35	100	183	278	366	444	874	1265	1249	2342	2091	3246	4309	9204	3605	8325	7459	3174	1141	300	0	0
LFQ	77	1	0	0	0	0	1	0	0	0	0	0	1	49	115	206	288	386	499	904	1312	1280	2345	2136	3201	4332	8899	3561	8433	7451	3143	1171	286	0	0
LFQ	78	0	1	1	0	0	3	0	0	0	0	0	0	56	121	222	293	444	446	920	1279	1341	2379	2101	3158	4210	9025	3660	8371	7401	3268	1041	259	0	0
LFQ	79	1	0	1	0	2	0	0	0	0	0	0	4	55	131	236	319	401	533	897	1374	1354	2400	2060	3128	4255	8782	3717	8384	7321	3233	1134	278	0	0
LFQ	80	1	0	1	0	0	1	0	0	0	0	0	3	57	122	252	349	466	524	979	1438	1368	2413	2071	5224	7979	5512	8152	7641	3849	333	993	272	0	0
LFQ	81	4	1	0	0	0	4	0	0	0	0	0	1	87	156	237	372	473	528	963	1480	1317	2329	2010	5107	7959	4754	8854	7764	3996	1350	254	0	0	0
LFQ	82	3	1	1	1	1	0	0	0	0	0	0	2	91	156	280	382	516	555	979	1437	1413	2407	2192	5583	7658	4811	8232	7136	4233	626	1020	284	0	0
LFQ	83	3	0	0	2	1	2	0	0	0	0	0	0	98	191	259	437	503	571	990	1496	1372	2331	2017	5097	7825	4681	8628	7285	4352	561	1013	285	0	0
LFQ	84	4	1	0	1	2	3	0	0	0	0	0	3	84	189	310	421	494	602	1063	1515	1387	2416	2079	3129	4185	8735	3642	8739	6857	3863	276	0	0	0
LFQ	85	6	0	2	2	1	3	0	0	0	0	0	3	108	228	347	449	574	599	1137	1837	1219	2624	1568	5046	7857	4601	8543	7822	3948	1252	224	0	0	0
LFQ	86	5	2	3	3	2	4	0	0	0	0	0	1	114	219	384	479	554	616	1079	1589	1413	2434	2105	5052	7773	4650	8324	7266	4061	572	1031	265	0	0
LFQ	87	5	1	1	0	2	4	0	0	0	0	0	3	135	296	443	345	609	624	1135	1507	1435	2410	2158	5560	8568	4142	8724	6398	3721	550	972	252	0	0
LFQ	88	10	1	4	1	4	3	0	0	0	0	0	4	138	225	413	471	599	688	1120	1523	1357	2433	4049	8622	3682	9613	7516	4128	1586	567	989	254	0	0
LFQ	89	5	2	1	0	1	3	0	0	0	0	0	6	134	262	408	549	581	651	1100	1555	1397	2409	2068	5029	7883	5247	8162	7992	3363	948	244	0	0	0
LFQ	90	12	3	1	3	2	2	0	0	0	0	0	5	149	266	437	543	679	672	1072	1547	1427	2393	3860	8671	4471	9127	8213	4035	986	1201	223	0	0	0
LFQ	91	9	1	2	4	5	2	0	0	0	0	0	3	143	319	442	535	662	729	1120	1577	1436	2389	4020	8652	4638	9664	7621	4305	558	952	212	0	0	0
LFQ	92	9	4	3	4	5	2	0	0	0	0	0	7	168	317	459	606	672	694	1160	1549	1454	2376	4021	8798	3584	9355	7357	4164	1484	545	978	224	0	0
LFQ	93	9	0	2	4	3	6	0	0	0	0	0	2	170	334	451	598	633	666	1160	1578	1470	2438	3961	8687	3775	10068	7130	4337	1028	317	960	212	0	0
LFQ	94	12	0	5	1	5	5	0	0	0	0	0	4	181	324	494	632	742	750	1561	1448	1723	1950	2185	5316	7580	4432	8064	6820	4091	517	920	237	0	0
LFQ	95	16	4	0	6	5	7	0	0	0	0	7	60	191	347	555	640	731	744	1244	1724	1505	2483	4412	8343	3812	9357	6962	4349	1013	329	938	215	0	0
LFQ	96	12	3	1	5	8	6	0	0	0	0	0	4	203	391	562	703	776	1012	1357	1928	1096	2635	3503	8985	3565	9459	7189	4176	1115	1097	208	0	0	0
LFQ	97	14	4	2	7	8	12	0	0	0	0	0	8	252	430	572	738	774	772	1667	1504	1858	1949	4370	8460	3653	8633	7413	4475	1096	1112	216	0	0	0
LFQ	98	17	3	5	7	5	5	0	0	0	0	0	9	214	382	591	735	796	842	1261	1653	1560	2950	4282	8827	4085	8432	7279	3792	946	1107	214	0	0	0
LFQ	99	15	6	3	8	8	9	0	0	0	0	0	3	251	488	635	729	711	831	1291	1651	2130	2734	4736	7977	3815	8642	7441	3794	786	279	811	208	0	0
LFQ	100	0	0	0	0	0	0	0	0	0	0	0	10	274	340	469	739	725	803	1368	2128	1287	2681	3320	8445	4173	8852	7893	3857	840	1073	229	0	0	0
# GC Content of first fragments. Use `grep ^GCF | cut -f 2-` to extract this part.
GCF	0.25	4
GCF	1.01	6
GCF	2.01	11
GCF	3.02	13
GCF	4.02	12
GCF	5.03	21
GCF	6.03	25
GCF	7.04	13
GCF	8.04	7
GCF	9.05	6
GCF	10.05	15
GCF	11.06	10
GCF	12.06	14
GCF	13.07	11
GCF	13.82	19
GCF	14.32	20
GCF	15.08	13
GCF	16.08	22
GCF	16.83	18
GCF	17.34	17
GCF	18.09	33
GCF	18.84	48
GCF	19.35	49
GCF	19.85	77
GCF	20.35	76
GCF	20.85	112
GCF	21.36	113
GCF	21.86	123
GCF	22.36	124
GCF	22.86	192
GCF	23.37	195
GCF	23.87	228
GCF	24.37	223
GCF	24.87	325
GCF	25.38	330
GCF	25.88	393
GCF	26.38	395
GCF	26.88	610
GCF	27.39	606
GCF	27.89	762
GCF	28.39	772
GCF	28.89	1008
GCF	29.40	1010
GCF	29.90	1279
GCF	30.40	1275
GCF	30.90	1583
GCF	31.41	1589
GCF	31.91	1836
GCF	32.41	1835
GCF	32.91	2193
GCF	33.42	2201
GCF	34.17	2488
GCF	34.92	2757
GCF	35.43	2771
GCF	35.93	2983
GCF	36.43	2987
GCF	36.93	3236
GCF	37.44	3216
GCF	37.94	3261
GCF	38.44	3270
GCF	39.20	3214
GCF	40.20	3061
GCF	40.95	2870
GCF	41.46	2856
GCF	41.96	2716
GCF	42.46	2724
GCF	42.96	2404
GCF	43.47	2405
GCF	43.97	1977
GCF	44.47	1971
GCF	44.97	1659
GCF	45.48	1660
GCF	45.98	1470
GCF	46.48	1465
GCF	46.98	1143
GCF	47.49	1141
GCF	48.24	935
GCF	48.99	748
GCF	49.50	738
GCF	50.00	528
GCF	50.50	529
GCF	51.26	401
GCF	52.01	298
GCF	52.51	297
GCF	53.02	226
GCF	53.52	225
GCF	54.02	149
GCF	54.52	147
GCF	55.03	146
GCF	55.53	145
GCF	56.03	82
GCF	56.53	84
GCF	57.04	61
GCF	57.54	60
GCF	58.04	41
GCF	58.54	40
GCF	59.30	30
GCF	60.30	23
GCF	61.31	14
GCF	62.31	9
GCF	63.32	11
GCF	64.32	5
GCF	65.33	6
GCF	66.33	3
GCF	67.09	2
GCF	67.59	3
GCF	68.09	1
# GC Content of last fragments. Use `grep ^GCL | cut -f 2-` to extract this part.
GCL	0.25	4
GCL	1.01	5
GCL	2.01	14
GCL	3.02	11
GCL	4.02	12
GCL	5.03	9
GCL	5.78	15
GCL	6.28	16
GCL	6.78	10
GCL	7.29	9
GCL	8.54	10
GCL	9.80	6
GCL	10.30	7
GCL	10.80	9
GCL	11.31	8
GCL	11.81	17
GCL	12.31	18
GCL	12.81	13
GCL	13.32	12
GCL	14.07	18
GCL	15.08	22
GCL	16.08	23
GCL	17.09	25
GCL	18.09	38
GCL	19.10	46
GCL	19.85	72
GCL	20.35	73
GCL	21.11	125
GCL	21.86	121
GCL	22.36	123
GCL	22.86	174
GCL	23.37	173
GCL	23.87	234
GCL	24.37	235
GCL	24.87	325
GCL	25.38	326
GCL	25.88	474
GCL	26.38	476
GCL	26.88	618
GCL	27.39	622
GCL	27.89	773
GCL	28.39	771
GCL	29.15	958
GCL	29.90	1215
GCL	30.40	1226
GCL	30.90	1634
GCL	31.41	1626
GCL	31.91	1839
GCL	32.41	1849
GCL	32.91	2233
GCL	33.42	2234
GCL	33.92	2589
GCL	34.42	2599
GCL	34.92	2778
GCL	35.43	2779
GCL	35.93	3058
GCL	36.43	3051
GCL	36.93	3092
GCL	37.44	3099
GCL	37.94	3228
GCL	38.44	3236
GCL	38.94	3263
GCL	39.45	3247
GCL	39.95	3009
GCL	40.45	3021
GCL	40.95	2887
GCL	41.46	2872
GCL	41.96	2576
GCL	42.46	2579
GCL	42.96	2404
GCL	43.47	2407
GCL	43.97	1983
GCL	44.47	1978
GCL	44.97	1729
GCL	45.48	1721
GCL	45.98	1454
GCL	46.48	1457
GCL	47.24	1129
GCL	47.99	928
GCL	48.49	920
GCL	48.99	721
GCL	49.50	717
GCL	50.00	563
GCL	50.50	561
GCL	51.01	430
GCL	51.51	429
GCL	52.01	294
GCL	52.51	295
GCL	53.02	215
GCL	53.52	214
GCL	54.02	162
GCL	54.52	161
GCL	55.03	112
GCL	55.53	113
GCL	56.03	81
GCL	56.53	80
GCL	57.29	60
GCL	58.04	45
GCL	58.54	46
GCL	59.30	28
GCL	60.05	18
GCL	60.55	17
GCL	61.31	19
GCL	62.31	9
GCL	63.32	7
GCL	64.32	8
GCL	65.33	3
GCL	66.83	2
GCL	68.84	0
GCL	70.35	1
GCL	71.36	0
GCL	72.36	1
# ACGT content per cycle. Use `grep ^GCC | cut -f 2-` to extract this part. The columns are: cycle; A,C,G,T base counts as a percentage of all A/C/G/T bases [%]; and N and O counts as a percentage of all A/C/G/T bases [%]
GCC	1	30.93	19.36	19.08	30.63	0.00	0.00
GCC	2	30.81	19.22	19.17	30.79	0.01	0.00
GCC	3	30.77	19.29	19.26	30.69	0.02	0.00
GCC	4	31.16	19.03	19.18	30.64	0.02	0.00
GCC	5	30.96	19.01	19.16	30.87	0.02	0.00
GCC	6	30.97	18.94	18.93	31.16	0.02	0.00
GCC	7	31.05	19.06	18.88	31.02	0.01	0.00
GCC	8	31.12	19.07	19.00	30.81	0.01	0.00
GCC	9	30.91	18.83	19.30	30.96	0.02	0.00
GCC	10	31.13	18.97	18.86	31.04	0.01	0.00
GCC	11	30.99	19.16	19.13	30.72	0.02	0.00
GCC	12	31.08	19.13	19.09	30.70	0.02	0.00
GCC	13	30.87	19.17	18.96	31.00	0.02	0.00
GCC	14	30.86	19.27	19.01	30.87	0.02	0.00
GCC	15	30.71	19.27	19.28	30.74	0.01	0.00
GCC	16	30.89	19.24	19.06	30.82	0.02	0.00
GCC	17	30.80	19.13	19.06	31.00	0.01	0.00
GCC	18	30.58	19.22	19.13	31.07	0.02	0.00
GCC	19	31.00	19.25	18.67	31.08	0.01	0.00
GCC	20	30.97	19.14	19.06	30.83	0.02	0.00
GCC	21	30.86	19.38	18.94	30.82	0.02	0.00
GCC	22	30.95	19.16	18.91	30.98	0.02	0.00
GCC	23	30.78	19.09	19.03	31.09	0.02	0.00
GCC	24	30.88	19.09	18.87	31.17	0.03	0.00
GCC	25	31.05	19.13	18.91	30.91	0.02	0.00
GCC	26	31.10	19.06	19.19	30.65	0.02	0.00
GCC	27	31.08	18.88	19.07	30.96	0.01	0.00
GCC	28	31.25	19.02	19.11	30.62	0.02	0.00
GCC	29	30.90	19.02	19.02	31.06	0.02	0.00
GCC	30	30.79	19.28	19.15	30.77	0.02	0.00
GCC	31	31.16	19.13	19.01	30.69	0.02	0.00
GCC	32	31.11	19.07	19.12	30.69	0.02	0.00
GCC	33	30.88	19.19	19.11	30.82	0.01	0.00
GCC	34	30.97	18.89	19.26	30.88	0.01	0.00
GCC	35	30.98	19.08	19.03	30.91	0.02	0.00
GCC	36	31.02	18.98	19.21	30.78	0.02	0.00
GCC	37	31.23	18.96	19.13	30.67	0.02	0.00
GCC	38	31.10	18.94	19.08	30.88	0.02	0.00
GCC	39	30.90	19.13	19.06	30.91	0.02	0.00
GCC	40	30.99	19.30	18.89	30.82	0.02	0.00
GCC	41	30.81	19.01	19.14	31.04	0.01	0.00
GCC	42	30.90	18.99	19.07	31.05	0.02	0.00
GCC	43	30.95	19.10	19.21	30.75	0.02	0.00
GCC	44	30.79	19.20	19.04	30.96	0.01	0.00
GCC	45	30.83	19.17	19.12	30.88	0.02	0.00
GCC	46	30.92	19.26	19.09	30.73	0.01	0.00
GCC	47	30.84	19.07	19.09	31.00	0.02	0.00
GCC	48	30.76	18.99	19.18	31.07	0.02	0.00
GCC	49	31.12	19.05	18.95	30.88	0.02	0.00
GCC	50	31.01	19.04	19.11	30.85	0.02	0.00
GCC	51	31.00	19.10	19.02	30.87	0.02	0.00
GCC	52	31.00	19.23	19.13	30.65	0.02	0.00
GCC	53	30.77	19.20	19.23	30.80	0.02	0.00
GCC	54	30.85	19.27	19.03	30.85	0.01	0.00
GCC	55	31.11	19.30	18.80	30.80	0.02	0.00
GCC	56	30.94	18.84	19.07	31.16	0.02	0.00
GCC	57	30.82	19.06	19.21	30.91	0.02	0.00
GCC	58	30.83	19.35	19.10	30.72	0.02	0.00
GCC	59	31.02	19.00	19.07	30.91	0.02	0.00
GCC	60	30.98	19.21	19.11	30.70	0.03	0.00
GCC	61	30.70	19.12	19.11	31.07	0.01	0.00
GCC	62	31.03	18.98	19.06	30.93	0.01	0.00
GCC	63	30.84	18.94	19.14	31.08	0.02	0.00
GCC	64	30.75	19.17	18.96	31.12	0.03	0.00
GCC	65	31.02	18.94	19.20	30.84	0.01	0.00
GCC	66	30.93	19.07	19.26	30.75	0.01	0.00
GCC	67	31.09	19.07	18.97	30.87	0.02	0.00
GCC	68	30.98	19.17	19.05	30.80	0.02	0.00
GCC	69	31.01	19.18	19.04	30.77	0.03	0.00
GCC	70	30.95	19.22	18.88	30.96	0.03	0.00
GCC	71	30.65	19.16	18.99	31.20	0.03	0.00
GCC	72	30.64	19.18	19.30	30.88	0.03	0.00
GCC	73	30.96	19.12	18.92	31.00	0.03	0.00
GCC	74	30.97	19.08	19.24	30.71	0.04	0.00
GCC	75	31.10	19.04	18.99	30.88	0.04	0.00
GCC	76	30.66	19.00	19.32	31.02	0.04	0.00
GCC	77	30.99	19.24	18.97	30.80	0.04	0.00
GCC	78	30.55	19.39	19.19	30.88	0.05	0.00
GCC	79	31.01	19.21	18.90	30.88	0.05	0.00
GCC	80	30.85	19.19	19.11	30.85	0.05	0.00
GCC	81	30.82	18.98	19.21	30.99	0.05	0.00
GCC	82	30.92	19.07	19.18	30.83	0.05	0.00
GCC	83	30.83	19.19	19.05	30.94	0.07	0.00
GCC	84	30.96	19.18	19.09	30.77	0.06	0.00
GCC	85	30.82	19.19	19.28	30.71	0.06	0.00
GCC	86	30.84	19.11	19.13	30.91	0.06	0.00
GCC	87	30.81	19.08	19.28	30.84	0.06	0.00
GCC	88	30.86	19.09	19.12	30.93	0.07	0.00
GCC	89	30.87	19.13	19.25	30.75	0.07	0.00
GCC	90	30.84	19.00	19.22	30.93	0.07	0.00
GCC	91	30.83	19.35	19.16	30.66	0.08	0.00
GCC	92	30.87	19.28	19.06	30.79	0.07	0.00
GCC	93	30.73	19.02	19.32	30.94	0.08	0.00
GCC	94	30.84	19.34	18.90	30.91	0.08	0.00
GCC	95	30.69	19.12	19.14	31.05	0.09	0.00
GCC	96	31.03	19.20	18.96	30.81	0.09	0.00
GCC	97	30.84	19.04	19.11	31.01	0.10	0.00
GCC	98	30.91	19.19	18.95	30.95	0.09	0.00
GCC	99	30.82	19.21	19.27	30.70	0.09	0.00
GCC	100	30.91	19.26	19.20	30.64	0.00	0.00
# ACGT content per cycle for first fragments. Use `grep ^FBC | cut -f 2-` to extract this part. The columns are: cycle; A,C,G,T base counts as a percentage of all A/C/G/T bases [%]; and N and O counts as a percentage of all A/C/G/T bases [%]
FBC	1	30.84	19.22	19.26	30.68	0.00	0.00
FBC	2	30.71	19.34	19.12	30.83	0.01	0.00
FBC	3	30.89	19.00	19.36	30.75	0.02	0.00
FBC	4	30.96	19.11	19.10	30.83	0.02	0.00
FBC	5	30.83	18.96	19.24	30.97	0.02	0.00
FBC	6	31.06	18.92	19.11	30.91	0.02	0.00
FBC	7	31.22	19.00	18.90	30.88	0.01	0.00
FBC	8	31.06	19.01	19.13	30.81	0.01	0.00
FBC	9	30.98	18.56	19.23	31.23	0.02	0.00
FBC	10	30.99	19.01	18.85	31.15	0.00	0.00
FBC	11	31.02	19.26	19.04	30.69	0.01	0.00
FBC	12	30.94	19.01	19.19	30.85	0.01	0.00
FBC	13	30.66	19.29	19.08	30.97	0.01	0.00
FBC	14	30.79	19.24	19.16	30.80	0.02	0.00
FBC	15	30.84	19.03	19.42	30.70	0.01	0.00
FBC	16	30.87	19.13	19.22	30.78	0.02	0.00
FBC	17	30.83	19.21	19.04	30.92	0.01	0.00
FBC	18	30.56	19.30	19.12	31.03	0.02	0.00
FBC	19	30.96	19.36	18.62	31.06	0.01	0.00
FBC	20	31.13	18.90	19.13	30.84	0.01	0.00
FBC	21	30.72	19.33	18.94	31.01	0.02	0.00
FBC	22	30.77	19.25	18.89	31.10	0.02	0.00
FBC	23	30.96	19.07	19.02	30.95	0.01	0.00
FBC	24	31.17	18.95	18.92	30.96	0.03	0.00
FBC	25	31.22	19.04	18.69	31.05	0.02	0.00
FBC	26	31.38	18.95	19.15	30.51	0.01	0.00
FBC	27	30.92	18.95	19.21	30.92	0.01	0.00
FBC	28	31.06	19.35	19.19	30.39	0.03	0.00
FBC	29	30.88	18.97	18.90	31.26	0.01	0.00
FBC	30	31.01	19.38	18.91	30.70	0.02	0.00
FBC	31	31.25	19.15	19.07	30.53	0.02	0.00
FBC	32	31.24	19.10	19.13	30.54	0.01	0.00
FBC	33	30.98	19.45	19.01	30.56	0.01	0.00
FBC	34	31.17	18.78	19.23	30.81	0.02	0.00
FBC	35	30.94	19.00	19.22	30.85	0.02	0.00
FBC	36	30.91	18.91	19.37	30.81	0.01	0.00
FBC	37	31.14	19.12	19.07	30.67	0.01	0.00
FBC	38	31.04	18.90	19.09	30.97	0.02	0.00
FBC	39	30.97	19.21	19.03	30.79	0.02	0.00
FBC	40	31.06	19.38	18.78	30.78	0.02	0.00
FBC	41	30.86	18.92	19.15	31.07	0.01	0.00
FBC	42	30.83	19.06	19.10	31.01	0.03	0.00
FBC	43	30.97	19.15	19.22	30.65	0.02	0.00
FBC	44	30.90	19.28	18.93	30.88	0.00	0.00
FBC	45	30.92	19.32	19.17	30.60	0.02	0.00
FBC	46	30.67	19.35	18.96	31.02	0.01	0.00
FBC	47	30.73	19.04	19.18	31.05	0.02	0.00
FBC	48	30.76	18.99	19.15	31.10	0.02	0.00
FBC	49	31.15	19.00	19.05	30.80	0.01	0.00
FBC	50	31.07	19.00	19.15	30.78	0.02	0.00
FBC	51	31.02	19.25	19.03	30.70	0.02	0.00
FBC	52	31.00	19.24	19.18	30.59	0.02	0.00
FBC	53	30.64	19.29	19.31	30.77	0.02	0.00
FBC	54	30.88	19.17	19.06	30.89	0.01	0.00
FBC	55	31.06	19.45	18.76	30.73	0.02	0.00
FBC	56	30.94	18.87	18.97	31.22	0.02	0.00
FBC	57	30.95	19.24	19.13	30.68	0.02	0.00
FBC	58	30.75	19.39	19.09	30.77	0.02	0.00
FBC	59	30.93	18.91	19.09	31.08	0.02	0.00
FBC	60	31.23	19.00	19.17	30.60	0.02	0.00
FBC	61	30.71	18.96	19.12	31.20	0.00	0.00
FBC	62	30.94	18.95	19.08	31.03	0.01	0.00
FBC	63	30.92	18.80	19.28	31.01	0.00	0.00
FBC	64	30.69	19.34	19.07	30.90	0.03	0.00
FBC	65	30.97	19.17	19.02	30.83	0.01	0.00
FBC	66	30.83	19.17	19.35	30.65	0.01	0.00
FBC	67	31.15	18.99	18.92	30.94	0.02	0.00
FBC	68	30.96	19.08	19.09	30.86	0.03	0.00
FBC	69	30.90	19.24	18.95	30.92	0.03	0.00
FBC	70	30.93	19.16	18.92	30.98	0.03	0.00
FBC	71	30.64	19.11	18.87	31.37	0.03	0.00
FBC	72	30.45	19.25	19.25	31.05	0.03	0.00
FBC	73	31.27	19.16	18.80	30.77	0.02	0.00
FBC	74	31.08	18.92	19.42	30.58	0.03	0.00
FBC	75	31.05	18.98	19.17	30.79	0.03	0.00
FBC	76	30.85	18.71	19.38	31.06	0.04	0.00
FBC	77	31.12	19.15	19.06	30.67	0.04	0.00
FBC	78	30.60	19.28	19.09	31.03	0.06	0.00
FBC	79	31.01	19.16	18.92	30.92	0.06	0.00
FBC	80	31.05	19.14	19.07	30.74	0.04	0.00
FBC	81	30.86	18.95	19.31	30.88	0.04	0.00
FBC	82	30.84	18.93	19.20	31.03	0.05	0.00
FBC	83	30.76	19.12	19.22	30.90	0.07	0.00
FBC	84	31.01	19.33	19.05	30.61	0.05	0.00
FBC	85	30.55	19.21	19.52	30.73	0.07	0.00
FBC	86	30.86	19.29	19.09	30.76	0.05	0.00
FBC	87	30.90	19.01	19.16	30.93	0.06	0.00
FBC	88	31.02	19.11	19.07	30.80	0.06	0.00
FBC	89	31.11	19.35	18.88	30.66	0.07	0.00
FBC	90	30.90	19.13	19.35	30.62	0.07	0.00
FBC	91	30.81	19.33	19.40	30.45	0.09	0.00
FBC	92	30.98	19.30	19.03	30.69	0.06	0.00
FBC	93	30.49	19.13	19.37	31.01	0.10	0.00
FBC	94	30.89	19.38	18.83	30.90	0.08	0.00
FBC	95	30.65	19.10	19.09	31.16	0.07	0.00
FBC	96	31.06	19.03	19.01	30.89	0.08	0.00
FBC	97	30.77	19.09	19.06	31.08	0.12	0.00
FBC	98	30.47	19.35	19.14	31.05	0.10	0.00
FBC	99	30.93	19.07	19.19	30.80	0.10	0.00
FBC	100	30.84	19.38	19.24	30.54	0.00	0.00
# ACGT raw counters for first fragments. Use `grep ^FTC | cut -f 2-` to extract this part. The columns are: A,C,G,T,N base counters
FTC	1545393	955780	954647	1542191	1457
# ACGT content per cycle for last fragments. Use `grep ^LBC | cut -f 2-` to extract this part. The columns are: cycle; A,C,G,T base counts as a percentage of all A/C/G/T bases [%]; and N and O counts as a percentage of all A/C/G/T bases [%]
LBC	1	31.01	19.51	18.89	30.59	0.00	0.00
LBC	2	30.92	19.10	19.23	30.75	0.02	0.00
LBC	3	30.65	19.57	19.16	30.62	0.02	0.00
LBC	4	31.36	18.95	19.25	30.44	0.02	0.00
LBC	5	31.08	19.05	19.08	30.78	0.01	0.00
LBC	6	30.88	18.95	18.75	31.42	0.02	0.00
LBC	7	30.87	19.12	18.85	31.16	0.02	0.00
LBC	8	31.19	19.14	18.86	30.81	0.01	0.00
LBC	9	30.84	19.10	19.36	30.69	0.02	0.00
LBC	10	31.27	18.93	18.87	30.93	0.02	0.00
LBC	11	30.96	19.07	19.22	30.76	0.02	0.00
LBC	12	31.22	19.26	18.98	30.54	0.02	0.00
LBC	13	31.08	19.05	18.84	31.03	0.02	0.00
LBC	14	30.92	19.29	18.86	30.93	0.01	0.00
LBC	15	30.58	19.51	19.13	30.78	0.01	0.00
LBC	16	30.90	19.34	18.90	30.87	0.02	0.00
LBC	17	30.78	19.06	19.08	31.08	0.01	0.00
LBC	18	30.61	19.15	19.14	31.10	0.02	0.00
LBC	19	31.04	19.15	18.72	31.09	0.01	0.00
LBC	20	30.80	19.39	18.98	30.82	0.02	0.00
LBC	21	31.01	19.43	18.95	30.62	0.02	0.00
LBC	22	31.14	19.07	18.93	30.86	0.03	0.00
LBC	23	30.60	19.11	19.05	31.24	0.02	0.00
LBC	24	30.59	19.22	18.82	31.37	0.03	0.00
LBC	25	30.88	19.21	19.14	30.77	0.01	0.00
LBC	26	30.81	19.16	19.24	30.79	0.02	0.00
LBC	27	31.25	18.82	18.93	31.00	0.01	0.00
LBC	28	31.44	18.69	19.02	30.85	0.01	0.00
LBC	29	30.93	19.07	19.14	30.87	0.02	0.00
LBC	30	30.58	19.19	19.39	30.84	0.02	0.00
LBC	31	31.08	19.10	18.96	30.86	0.02	0.00
LBC	32	30.99	19.04	19.12	30.84	0.03	0.00
LBC	33	30.79	18.93	19.20	31.08	0.00	0.00
LBC	34	30.76	19.01	19.29	30.95	0.01	0.00
LBC	35	31.02	19.17	18.84	30.97	0.02	0.00
LBC	36	31.14	19.06	19.05	30.76	0.02	0.00
LBC	37	31.32	18.81	19.20	30.67	0.02	0.00
LBC	38	31.16	18.99	19.07	30.78	0.01	0.00
LBC	39	30.83	19.05	19.09	31.03	0.03	0.00
LBC	40	30.91	19.22	19.01	30.86	0.02	0.00
LBC	41	30.76	19.10	19.12	31.02	0.01	0.00
LBC	42	30.96	18.92	19.05	31.08	0.02	0.00
LBC	43	30.92	19.04	19.19	30.85	0.02	0.00
LBC	44	30.69	19.12	19.16	31.03	0.01	0.00
LBC	45	30.74	19.03	19.07	31.16	0.02	0.00
LBC	46	31.18	19.17	19.21	30.44	0.01	0.00
LBC	47	30.95	19.11	18.99	30.95	0.02	0.00
LBC	48	30.76	18.99	19.21	31.04	0.02	0.00
LBC	49	31.09	19.10	18.84	30.96	0.03	0.00
LBC	50	30.94	19.07	19.07	30.93	0.02	0.00
LBC	51	30.98	18.96	19.02	31.05	0.02	0.00
LBC	52	31.00	19.21	19.08	30.70	0.02	0.00
LBC	53	30.91	19.11	19.15	30.84	0.02	0.00
LBC	54	30.82	19.37	19.00	30.81	0.01	0.00
LBC	55	31.15	19.14	18.83	30.87	0.01	0.00
LBC	56	30.93	18.80	19.18	31.09	0.02	0.00
LBC	57	30.69	18.89	19.28	31.14	0.01	0.00
LBC	58	30.91	19.31	19.11	30.67	0.02	0.00
LBC	59	31.11	19.08	19.06	30.75	0.02	0.00
LBC	60	30.73	19.43	19.04	30.80	0.03	0.00
LBC	61	30.68	19.29	19.09	30.94	0.02	0.00
LBC	62	31.12	19.02	19.03	30.83	0.01	0.00
LBC	63	30.77	19.08	18.99	31.15	0.03	0.00
LBC	64	30.80	19.00	18.85	31.35	0.02	0.00
LBC	65	31.07	18.71	19.37	30.84	0.01	0.00
LBC	66	31.03	18.97	19.16	30.84	0.02	0.00
LBC	67	31.03	19.14	19.03	30.79	0.02	0.00
LBC	68	30.99	19.26	19.00	30.74	0.02	0.00
LBC	69	31.12	19.13	19.13	30.62	0.02	0.00
LBC	70	30.96	19.27	18.84	30.93	0.02	0.00
LBC	71	30.65	19.21	19.11	31.02	0.03	0.00
LBC	72	30.83	19.10	19.35	30.72	0.04	0.00
LBC	73	30.65	19.08	19.04	31.23	0.03	0.00
LBC	74	30.86	19.23	19.07	30.84	0.05	0.00
LBC	75	31.14	19.10	18.80	30.96	0.04	0.00
LBC	76	30.46	19.29	19.27	30.98	0.04	0.00
LBC	77	30.87	19.32	18.89	30.92	0.04	0.00
LBC	78	30.50	19.49	19.28	30.73	0.04	0.00
LBC	79	31.01	19.26	18.89	30.84	0.04	0.00
LBC	80	30.65	19.25	19.16	30.95	0.05	0.00
LBC	81	30.78	19.01	19.11	31.10	0.06	0.00
LBC	82	31.00	19.21	19.16	30.63	0.04	0.00
LBC	83	30.89	19.25	18.88	30.98	0.07	0.00
LBC	84	30.92	19.03	19.13	30.92	0.07	0.00
LBC	85	31.09	19.17	19.05	30.69	0.05	0.00
LBC	86	30.81	18.94	19.18	31.07	0.06	0.00
LBC	87	30.71	19.14	19.39	30.76	0.07	0.00
LBC	88	30.69	19.06	19.17	31.07	0.07	0.00
LBC	89	30.64	18.91	19.61	30.84	0.06	0.00
LBC	90	30.79	18.87	19.09	31.25	0.08	0.00
LBC	91	30.84	19.37	18.92	30.87	0.08	0.00
LBC	92	30.76	19.27	19.08	30.89	0.08	0.00
LBC	93	30.97	18.91	19.26	30.86	0.07	0.00
LBC	94	30.80	19.29	18.97	30.93	0.08	0.00
LBC	95	30.74	19.14	19.19	30.94	0.10	0.00
LBC	96	31.00	19.37	18.91	30.73	0.10	0.00
LBC	97	30.92	18.99	19.15	30.94	0.09	0.00
LBC	98	31.35	19.04	18.76	30.85	0.09	0.00
LBC	99	30.71	19.34	19.34	30.60	0.08	0.00
LBC	100	30.98	19.13	19.15	30.74	0.00	0.00
# ACGT raw counters for last fragments. Use `grep ^LTC | cut -f 2-` to extract this part. The columns are: A,C,G,T,N base counters
LTC	1544862	955921	953162	1544012	1534
# Insert sizes. Use `grep ^IS | cut -f 2-` to extract this part. The columns are: insert size, pairs total, inward oriented pairs, outward oriented pairs, other pairs
IS	0	0	0	0	0
IS	1	0	0	0	0
IS	2	0	0	0	0
IS	3	0	0	0	0
IS	4	0	0	0	0
IS	5	0	0	0	0
IS	6	0	0	0	0
IS	7	0	0	0	0
IS	8	0	0	0	0
IS	9	0	0	0	0
IS	10	0	0	0	0
IS	11	0	0	0	0
IS	12	0	0	0	0
IS	13	0	0	0	0
IS	14	0	0	0	0
IS	15	0	0	0	0
IS	16	0	0	0	0
IS	17	0	0	0	0
IS	18	0	0	0	0
IS	19	0	0	0	0
IS	20	0	0	0	0
IS	21	0	0	0	0
IS	22	0	0	0	0
IS	23	0	0	0	0
IS	24	0	0	0	0
IS	25	0	0	0	0
IS	26	0	0	0	0
IS	27	0	0	0	0
IS	28	0	0	0	0
IS	29	0	0	0	0
IS	30	0	0	0	0
IS	31	0	0	0	0
IS	32	0	0	0	0
IS	33	0	0	0	0
IS	34	0	0	0	0
IS	35	0	0	0	0
IS	36	0	0	0	0
IS	37	0	0	0	0
IS	38	0	0	0	0
IS	39	0	0	0	0
IS	40	0	0	0	0
IS	41	0	0	0	0
IS	42	0	0	0	0
IS	43	0	0	0	0
IS	44	0	0	0	0
IS	45	0	0	0	0
IS	46	0	0	0	0
IS	47	0	0	0	0
IS	48	0	0	0	0
IS	49	0	0	0	0
IS	50	0	0	0	0
IS	51	0	0	0	0
IS	52	0	0	0	0
IS	53	0	0	0	0
IS	54	0	0	0	0
IS	55	0	0	0	0
IS	56	0	0	0	0
IS	57	0	0	0	0
IS	58	0	0	0	0
IS	59	0	0	0	0
IS	60	0	0	0	0
IS	61	0	0	0	0
IS	62	0	0	0	0
IS	63	0	0	0	0
IS	64	0	0	0	0
IS	65	0	0	0	0
IS	66	0	0	0	0
IS	67	0	0	0	0
IS	68	0	0	0	0
IS	69	0	0	0	0
IS	70	0	0	0	0
IS	71	0	0	0	0
IS	72	0	0	0	0
IS	73	1	0	1	0
IS	74	0	0	0	0
IS	75	0	0	0	0
IS	76	0	0	0	0
IS	77	0	0	0	0
IS	78	0	0	0	0
IS	79	0	0	0	0
IS	80	0	0	0	0
IS	81	0	0	0	0
IS	82	0	0	0	0
IS	83	0	0	0	0
IS	84	0	0	0	0
IS	85	0	0	0	0
IS	86	0	0	0	0
IS	87	0	0	0	0
IS	88	0	0	0	0
IS	89	0	0	0	0
IS	90	0	0	0	0
IS	91	0	0	0	0
IS	92	0	0	0	0
IS	93	0	0	0	0
IS	94	0	0	0	0
IS	95	0	0	0	0
IS	96	0	0	0	0
IS	97	0	0	0	0
IS	98	0	0	0	0
IS	99	0	0	0	0
IS	100	0	0	0	0
IS	101	0	0	0	0
IS	102	0	0	0	0
IS	103	0	0	0	0
IS	104	0	0	0	0
IS	105	0	0	0	0
IS	106	0	0	0	0
IS	107	0	0	0	0
IS	108	0	0	0	0
IS	109	0	0	0	0
IS	110	0	0	0	0
IS	111	0	0	0	0
IS	112	0	0	0	0
IS	113	0	0	0	0
IS	114	0	0	0	0
IS	115	0	0	0	0
IS	116	0	0	0	0
IS	117	0	0	0	0
IS	118	0	0	0	0
IS	119	0	0	0	0
IS	120	0	0	0	0
IS	121	0	0	0	0
IS	122	0	0	0	0
IS	123	0	0	0	0
IS	124	0	0	0	0
IS	125	0	0	0	0
IS	126	0	0	0	0
IS	127	0	0	0	0
IS	128	0	0	0	0
IS	129	0	0	0	0
IS	130	0	0	0	0
IS	131	0	0	0	0
IS	132	0	0	0	0
IS	133	0	0	0	0
IS	134	0	0	0	0
IS	135	0	0	0	0
IS	136	0	0	0	0
IS	137	0	0	0	0
IS	138	0	0	0	0
IS	139	0	0	0	0
IS	140	0	0	0	0
IS	141	1	1	0	0
IS	142	0	0	0	0
IS	143	0	0	0	0
IS	144	0	0	0	0
IS	145	0	0	0	0
IS	146	0	0	0	0
IS	147	0	0	0	0
IS	148	0	0	0	0
IS	149	0	0	0	0
IS	150	0	0	0	0
IS	151	0	0	0	0
IS	152	0	0	0	0
IS	153	0	0	0	0
IS	154	0	0	0	0
IS	155	0	0	0	0
IS	156	0	0	0	0
IS	157	0	0	0	0
IS	158	0	0	0	0
IS	159	0	0	0	0
IS	160	0	0	0	0
IS	161	0	0	0	0
IS	162	1	1	0	0
IS	163	0	0	0	0
IS	164	1	1	0	0
IS	165	0	0	0	0
IS	166	0	0	0	0
IS	167	0	0	0	0
IS	168	0	0	0	0
IS	169	0	0	0	0
IS	170	0	0	0	0
IS	171	0	0	0	0
IS	172	0	0	0	0
IS	173	0	0	0	0
IS	174	1	1	0	0
IS	175	0	0	0	0
IS	176	0	0	0	0
IS	177	1	1	0	0
IS	178	1	1	0	0
IS	179	0	0	0	0
IS	180	0	0	0	0
IS	181	0	0	0	0
IS	182	1	1	0	0
IS	183	1	1	0	0
IS	184	0	0	0	0
IS	185	1	1	0	0
IS	186	0	0	0	0
IS	187	1	1	0	0
IS	188	0	0	0	0
IS	189	3	3	0	0
IS	190	2	2	0	0
IS	191	0	0	0	0
IS	192	1	1	0	0
IS	193	0	0	0	0
IS	194	3	3	0	0
IS	195	1	1	0	0
IS	196	0	0	0	0
IS	197	1	1	0	0
IS	198	2	2	0	0
IS	199	5	5	0	0
IS	200	2	2	0	0
IS	201	4	4	0	0
IS	202	2	2	0	0
IS	203	6	6	0	0
IS	204	3	3	0	0
IS	205	5	5	0	0
IS	206	4	4	0	0
IS	207	5	5	0	0
IS	208	9	9	0	0
IS	209	6	6	0	0
IS	210	10	10	0	0
IS	211	3	3	0	0
IS	212	6	6	0	0
IS	213	11	11	0	0
IS	214	11	11	0	0
IS	215	15	15	0	0
IS	216	19	19	0	0
IS	217	17	17	0	0
IS	218	17	17	0	0
IS	219	24	24	0	0
IS	220	17	17	0	0
IS	221	15	15	0	0
IS	222	21	21	0	0
IS	223	22	22	0	0
IS	224	32	32	0	0
IS	225	25	25	0	0
IS	226	31	31	0	0
IS	227	44	44	0	0
IS	228	35	35	0	0
IS	229	51	51	0	0
IS	230	50	50	0	0
IS	231	49	49	0	0
IS	232	49	49	0	0
IS	233	53	53	0	0
IS	234	53	53	0	0
IS	235	67	67	0	0
IS	236	73	73	0	0
IS	237	89	89	0	0
IS	238	75	75	0	0
IS	239	111	111	0	0
IS	240	75	75	0	0
IS	241	98	98	0	0
IS	242	108	108	0	0
IS	243	112	112	0	0
IS	244	118	118	0	0
IS	245	135	135	0	0
IS	246	131	131	0	0
IS	247	144	144	0	0
IS	248	137	137	0	0
IS	249	136	136	0	0
IS	250	155	155	0	0
IS	251	193	193	0	0
IS	252	179	179	0	0
IS	253	206	206	0	0
IS	254	225	225	0	0
IS	255	251	251	0	0
IS	256	254	254	0	0
IS	257	230	230	0	0
IS	258	257	257	0	0
IS	259	269	269	0	0
IS	260	251	251	0	0
IS	261	318	318	0	0
IS	262	294	294	0	0
IS	263	308	308	0	0
IS	264	323	323	0	0
IS	265	357	357	0	0
IS	266	352	352	0	0
IS	267	363	363	0	0
IS	268	406	406	0	0
IS	269	408	408	0	0
IS	270	381	381	0	0
IS	271	410	410	0	0
IS	272	429	429	0	0
IS	273	460	460	0	0
IS	274	454	454	0	0
IS	275	475	475	0	0
IS	276	472	472	0	0
IS	277	501	501	0	0
IS	278	529	529	0	0
IS	279	562	562	0	0
IS	280	543	543	0	0
IS	281	585	585	0	0
IS	282	542	542	0	0
IS	283	579	579	0	0
IS	284	591	591	0	0
IS	285	561	561	0	0
IS	286	596	596	0	0
IS	287	636	636	0	0
IS	288	631	631	0	0
IS	289	615	615	0	0
IS	290	631	631	0	0
IS	291	640	640	0	0
IS	292	641	641	0	0
IS	293	654	654	0	0
IS	294	654	654	0	0
IS	295	642	642	0	0
IS	296	654	654	0	0
IS	297	641	641	0	0
IS	298	651	651	0	0
IS	299	650	650	0	0
IS	300	650	650	0	0
IS	301	646	646	0	0
IS	302	666	666	0	0
IS	303	629	629	0	0
IS	304	685	685	0	0
IS	305	672	672	0	0
IS	306	636	636	0	0
IS	307	629	629	0	0
IS	308	679	679	0	0
IS	309	657	657	0	0
IS	310	614	614	0	0
IS	311	631	631	0	0
IS	312	630	630	0	0
IS	313	597	597	0	0
IS	314	591	591	0	0
IS	315	617	617	0	0
IS	316	545	545	0	0
IS	317	616	616	0	0
IS	318	546	546	0	0
IS	319	517	517	0	0
IS	320	509	509	0	0
IS	321	489	489	0	0
IS	322	532	532	0	0
IS	323	489	489	0	0
IS	324	442	442	0	0
IS	325	435	435	0	0
IS	326	453	453	0	0
IS	327	425	425	0	0
IS	328	402	402	0	0
IS	329	437	437	0	0
IS	330	379	379	0	0
IS	331	405	405	0	0
IS	332	377	377	0	0
IS	333	370	370	0	0
IS	334	369	369	0	0
IS	335	314	314	0	0
IS	336	339	339	0	0
IS	337	295	295	0	0
IS	338	320	320	0	0
IS	339	300	300	0	0
IS	340	249	249	0	0
IS	341	241	241	0	0
IS	342	233	233	0	0
IS	343	238	238	0	0
IS	344	234	234	0	0
IS	345	213	213	0	0
IS	346	176	176	0	0
IS	347	182	182	0	0
IS	348	197	197	0	0
IS	349	146	146	0	0
IS	350	177	177	0	0
IS	351	157	157	0	0
IS	352	134	134	0	0
IS	353	114	114	0	0
IS	354	122	122	0	0
IS	355	131	131	0	0
IS	356	123	123	0	0
IS	357	99	99	0	0
IS	358	99	99	0	0
IS	359	100	100	0	0
IS	360	94	94	0	0
IS	361	69	69	0	0
IS	362	76	76	0	0
IS	363	74	74	0	0
IS	364	63	63	0	0
IS	365	51	51	0	0
IS	366	51	51	0	0
IS	367	63	63	0	0
IS	368	50	50	0	0
IS	369	42	42	0	0
# Read lengths. Use `grep ^RL | cut -f 2-` to extract this part. The columns are: read length, count
RL	91	1
RL	98	14
RL	99	1004
RL	100	98981
# Read lengths - first fragments. Use `grep ^FRL | cut -f 2-` to extract this part. The columns are: read length, count
FRL	98	7
FRL	99	518
FRL	100	49475
# Read lengths - last fragments. Use `grep ^LRL | cut -f 2-` to extract this part. The columns are: read length, count
LRL	91	1
LRL	98	7
LRL	99	486
LRL	100	49506
# Indel distribution. Use `grep ^ID | cut -f 2-` to extract this part. The columns are: length, number of insertions, number of deletions
ID	1	440	501
ID	2	1	0
ID	4	0	1
# Indels per cycle. Use `grep ^IC | cut -f 2-` to extract this part. The columns are: cycle, number of insertions (fwd), .. (rev) , number of deletions (fwd), .. (rev)
IC	3	0	0	0	1
IC	4	3	0	5	2
IC	5	4	2	3	2
IC	6	2	2	1	3
IC	7	3	4	2	6
IC	8	1	1	4	2
IC	9	3	1	5	3
IC	10	1	5	2	2
IC	11	1	3	2	5
IC	12	5	0	2	4
IC	13	0	1	1	5
IC	14	3	2	0	5
IC	15	0	2	4	3
IC	16	1	4	2	4
IC	17	4	2	4	4
IC	18	1	6	2	2
IC	19	1	2	2	3
IC	20	0	1	6	1
IC	21	1	4	5	1
IC	22	2	1	2	5
IC	23	2	5	3	1
IC	24	6	1	2	2
IC	25	4	1	0	1
IC	26	3	3	4	4
IC	27	1	3	2	1
IC	28	2	4	4	1
IC	29	0	2	5	2
IC	30	3	3	3	4
IC	31	0	1	4	1
IC	32	4	2	0	2
IC	33	2	1	4	2
IC	34	1	6	3	3
IC	35	0	4	6	2
IC	36	2	2	1	2
IC	37	3	0	2	1
IC	38	2	3	2	4
IC	39	3	2	4	2
IC	40	2	3	1	1
IC	41	1	6	3	4
IC	42	1	3	3	5
IC	43	1	1	2	1
IC	44	0	3	3	3
IC	45	2	1	2	2
IC	46	3	4	0	3
IC	47	1	1	2	5
IC	48	2	2	2	4
IC	49	2	2	3	2
IC	50	1	2	0	4
IC	51	3	3	3	2
IC	52	1	5	3	3
IC	53	1	2	0	2
IC	54	4	1	4	3
IC	55	1	2	2	2
IC	56	3	4	0	0
IC	57	1	4	1	3
IC	58	0	6	3	4
IC	59	4	2	1	3
IC	60	3	6	3	2
IC	61	7	2	3	3
IC	62	3	4	5	3
IC	63	1	3	1	0
IC	64	4	1	2	2
IC	65	2	3	1	3
IC	66	2	3	1	2
IC	67	1	1	2	4
IC	68	1	1	5	3
IC	69	2	2	2	2
IC	70	0	2	1	3
IC	71	0	4	3	2
IC	72	9	3	4	4
IC	73	6	2	3	3
IC	74	3	2	4	3
IC	75	6	5	2	2
IC	76	5	2	0	2
IC	77	4	2	1	3
IC	78	4	3	1	3
IC	79	4	4	2	4
IC	80	0	2	4	6
IC	81	2	3	3	1
IC	82	1	3	4	2
IC	83	1	4	1	4
IC	84	1	1	4	1
IC	85	3	2	1	5
IC	86	2	1	2	6
IC	87	1	4	5	2
IC	88	3	0	3	3
IC	89	3	4	3	1
IC	90	0	1	4	1
IC	91	2	1	2	2
IC	92	5	1	3	6
IC	93	1	0	4	3
IC	94	1	1	2	1
IC	95	5	1	3	5
IC	96	1	2	6	4
IC	97	2	3	0	1
# Coverage distribution. Use `grep ^COV | cut -f 2-` to extract this part.
COV	[1-1]	1	4385092
COV	[2-2]	2	1809965
COV	[3-3]	3	495376
COV	[4-4]	4	100226
COV	[5-5]	5	17368
COV	[6-6]	6	2744
COV	[7-7]	7	257
COV	[8-8]	8	67
COV	[9-9]	9	16
# GC-depth. Use `grep ^GCD | cut -f 2-` to extract this part. The columns are: GC%, unique sequence percentiles, 10th, 25th, 50th, 75th and 90th depth percentile
GCD	0.0	0.326	0.000	0.000	0.000	0.000	0.000
GCD	8.0	0.489	0.208	0.208	0.208	0.208	0.208
GCD	16.0	0.651	0.738	0.738	0.738	0.738	0.738
GCD	17.0	0.814	0.757	0.757	0.757	0.757	0.757
GCD	18.0	1.140	0.743	0.743	0.772	0.802	0.802
GCD	35.0	2.117	0.856	0.882	0.933	0.988	1.010
GCD	36.0	7.329	0.715	0.778	0.807	0.867	0.934
GCD	37.0	26.384	0.692	0.743	0.832	0.889	0.911
GCD	38.0	57.492	0.703	0.752	0.817	0.891	0.941
GCD	39.0	81.759	0.688	0.755	0.812	0.871	0.921
GCD	40.0	93.648	0.715	0.767	0.837	0.893	0.958
GCD	41.0	98.371	0.678	0.757	0.807	0.884	0.896
GCD	42.0	99.186	0.079	0.465	0.871	0.985	1.039
GCD	43.0	99.511	0.252	0.252	0.527	0.802	0.802
GCD	45.0	99.837	0.045	0.045	0.158	0.272	0.272
GCD	46.0	100.000	0.084	0.084	0.084	0.084	0.084
