# This file was produced by samtools stats (1.10+htslib-1.10.2) and can be plotted using plot-bamstats
# This file contains statistics for all reads.
# The command line was:  stats results/recal/B-2.bam
# CHK, Checksum	[2]Read Names	[3]Sequences	[4]Qualities
# CHK, CRC32 of reads which passed filtering followed by addition (32bit overflow)
CHK	3d6eb470	de4bab9b	3fa688b3
# Summary Numbers. Use `grep ^SN | cut -f 2-` to extract this part.
SN	raw total sequences:	50000
SN	filtered sequences:	0
SN	sequences:	50000
SN	is sorted:	1
SN	1st fragments:	50000
SN	last fragments:	0
SN	reads mapped:	50000
SN	reads mapped and paired:	0	# paired-end technology bit set + both mates mapped
SN	reads unmapped:	0
SN	reads properly paired:	0	# proper-pair bit set
SN	reads paired:	0	# paired-end technology bit set
SN	reads duplicated:	47	# PCR or optical duplicate bit set
SN	reads MQ0:	2537	# mapped and MQ=0
SN	reads QC failed:	0
SN	non-primary alignments:	0
SN	total length:	4999468	# ignores clipping
SN	total first fragment length:	4999468	# ignores clipping
SN	total last fragment length:	0	# ignores clipping
SN	bases mapped:	4999468	# ignores clipping
SN	bases mapped (cigar):	4999113	# more accurate
SN	bases trimmed:	0
SN	bases duplicated:	4700
SN	mismatches:	20708	# from NM fields
SN	error rate:	4.142335e-03	# mismatches / bases mapped (cigar)
SN	average length:	99
SN	average first fragment length:	100
SN	average last fragment length:	0
SN	maximum length:	100
SN	maximum first fragment length:	100
SN	maximum last fragment length:	0
SN	average quality:	26.2
SN	insert size average:	0.0
SN	insert size standard deviation:	0.0
SN	inward oriented pairs:	0
SN	outward oriented pairs:	0
SN	pairs with other orientation:	0
SN	pairs on different chromosomes:	0
SN	percentage of properly paired reads (%):	0.0
# First Fragment Qualities. Use `grep ^FFQ | cut -f 2-` to extract this part.
# Columns correspond to qualities and rows to cycles. First column is the cycle number.
FFQ	1	0	0	0	0	0	0	0	0	0	0	0	0	0	0	0	0	0	0	0	0	1	0	2	0	3	14	24813	0	0	25167	0	0	0
FFQ	2	0	0	0	0	0	0	0	0	0	0	0	0	0	0	0	0	0	0	0	0	0	0	0	1	2028	4834	2565	6686	5545	7775	8054	12512	0
FFQ	3	0	0	0	0	0	0	0	0	0	0	0	0	0	0	0	0	0	0	0	1	1	1	2	8	9	2063	4810	2414	6592	10936	10733	12430	0
FFQ	4	0	0	0	0	0	0	0	0	0	0	0	0	0	0	0	0	0	0	0	0	0	0	4	5	14	2008	4744	2521	6623	10815	10825	12441	0
FFQ	5	0	0	0	0	0	0	0	0	0	0	0	0	0	0	0	0	0	0	0	0	3	4	2	7	2001	4875	2841	6903	5676	7554	8089	12045	0
FFQ	6	0	0	0	0	0	0	0	0	0	0	0	0	0	0	0	0	0	0	1	1	1	0	6	7	9	2049	5137	3549	7070	10278	10270	11622	0
FFQ	7	0	0	0	0	0	0	0	0	0	0	0	0	0	0	0	0	0	0	0	0	0	1	4	6	1947	4935	3103	8353	10999	9726	10926	0	0
FFQ	8	0	0	0	0	0	0	0	0	0	0	0	0	0	0	0	0	0	0	0	1	2	4	6	4	2037	4884	3586	9179	6929	6702	6509	10157	0
FFQ	9	0	0	0	0	0	0	0	0	0	0	0	0	0	0	0	0	0	0	0	1	1	1	7	6	18	2371	6040	5834	11850	11677	12194	0	0
FFQ	10	0	0	0	0	0	0	0	0	0	0	0	0	0	0	0	0	0	0	0	1	1	1	2	9	24	2615	6279	6470	8286	9100	8397	8815	0
FFQ	11	0	0	0	0	0	0	0	0	0	0	0	0	0	0	0	0	0	0	0	0	2	3	13	6	293	3053	6839	6432	11716	10856	10787	0	0
FFQ	12	0	0	0	0	0	0	0	0	0	0	0	0	0	0	0	0	0	0	0	1	1	2	11	10	95	2771	7372	7497	8537	8640	7523	7540	0
FFQ	13	0	0	0	0	0	0	0	0	0	0	0	0	0	0	0	0	0	0	1	1	0	2	24	18	2032	5806	5383	12049	10416	7217	7051	0	0
FFQ	14	0	0	0	0	0	0	0	0	0	0	0	0	0	0	0	0	0	0	0	4	2	5	42	36	2158	6077	5725	12237	10345	6819	6550	0	0
FFQ	15	0	0	0	0	0	0	0	0	0	0	0	0	0	0	0	0	0	0	0	2	3	1	5	49	323	3416	8271	8366	11200	9540	8824	0	0
FFQ	16	0	0	0	0	0	0	0	0	0	0	0	0	0	0	0	0	0	0	1	2	1	5	7	89	2491	6470	6193	12464	9895	6429	5953	0	0
FFQ	17	0	0	0	0	0	0	0	0	0	0	0	0	0	0	0	0	0	0	2	1	3	7	42	155	536	3808	8558	8574	10661	9419	8234	0	0
FFQ	18	0	0	0	0	0	0	0	0	0	0	0	0	0	0	0	0	2	0	1	4	3	5	15	216	750	3674	7701	5761	13075	10969	7824	0	0
FFQ	19	0	0	0	0	0	0	0	0	0	0	0	0	0	0	0	0	2	0	0	1	0	9	25	255	818	4359	8753	8536	10650	9018	7574	0	0
FFQ	20	0	0	0	0	0	0	0	0	0	0	0	0	0	0	0	0	2	0	2	2	3	29	25	316	1025	4551	8951	8533	10379	8746	7436	0	0
FFQ	21	0	0	0	0	0	0	0	0	0	0	0	0	0	0	0	0	0	0	0	1	4	22	151	477	1025	4790	9111	8373	10221	8597	7228	0	0
FFQ	22	0	0	0	0	0	0	0	0	0	0	0	0	0	0	0	0	1	0	3	8	2	15	65	502	3309	7521	6965	12479	9233	5547	4350	0	0
FFQ	23	0	0	0	0	0	0	0	0	0	0	0	0	0	0	0	0	1	0	2	4	0	25	480	609	1821	4402	9154	8450	9885	8373	6794	0	0
FFQ	24	0	0	0	0	0	0	0	0	0	0	0	0	0	0	0	0	0	1	1	7	3	18	125	706	1656	5149	9449	8163	9909	8225	6588	0	0
FFQ	25	0	0	0	0	0	0	0	0	0	0	0	0	0	0	0	0	0	0	2	2	4	40	156	854	1805	5551	9084	8115	9758	8169	6460	0	0
FFQ	26	0	0	0	0	0	0	0	0	0	0	0	0	0	0	0	0	1	1	2	7	9	62	227	976	1955	5483	9257	7863	9737	8047	6373	0	0
FFQ	27	0	0	0	0	0	0	0	0	0	0	0	0	0	0	0	0	0	2	6	7	10	88	250	1026	4057	8268	7078	12033	8607	4907	3661	0	0
FFQ	28	0	0	0	0	0	0	0	0	0	0	0	0	0	0	0	1	1	3	1	11	14	121	335	1177	2307	5606	9278	7867	9340	8003	5935	0	0
FFQ	29	0	0	0	0	0	0	0	0	0	0	0	0	0	0	1	0	1	2	2	12	25	129	371	1243	2543	5690	9072	7599	9298	8078	5934	0	0
FFQ	30	0	0	0	0	0	0	0	0	0	0	0	0	0	0	0	0	1	3	4	17	28	148	441	1394	4415	8527	6894	11889	8355	4701	3183	0	0
FFQ	31	0	0	0	0	0	0	0	0	0	0	0	0	0	0	0	0	0	2	3	15	41	210	493	1527	2663	5772	8936	7619	9318	7649	5752	0	0
FFQ	32	0	0	0	0	0	0	0	0	0	0	0	0	0	0	1	3	1	1	15	27	56	201	583	1560	2792	5823	9111	7467	9120	7685	5554	0	0
FFQ	33	0	0	0	0	0	0	0	0	0	0	0	0	0	0	0	0	1	2	6	27	53	301	676	1655	2890	5874	8995	7304	9084	7727	5405	0	0
FFQ	34	0	0	0	0	0	0	0	0	0	0	0	0	0	0	1	1	1	0	11	46	64	314	739	1769	3007	5886	8915	7271	8912	7574	5489	0	0
FFQ	35	0	0	0	0	0	0	0	0	0	0	0	0	0	0	0	0	0	2	9	47	83	340	863	1872	2959	5969	9041	7078	8929	7459	5349	0	0
FFQ	36	0	0	0	0	0	0	0	0	0	0	0	0	0	0	0	0	2	4	10	63	123	426	906	1948	3200	5882	8718	7223	8902	7336	5257	0	0
FFQ	37	0	0	0	0	0	0	0	0	0	0	0	0	0	0	1	0	4	3	18	91	146	490	965	2074	3175	5856	8728	6989	8917	7331	5212	0	0
FFQ	38	0	0	0	0	0	0	0	0	0	0	0	0	0	0	1	1	2	3	13	84	175	559	1066	2181	5239	8673	6547	10854	7825	4154	2623	0	0
FFQ	39	0	0	0	0	0	0	0	0	0	0	0	0	0	0	0	1	5	8	19	114	209	632	1104	2197	3239	6143	8557	6753	8919	7070	5030	0	0
FFQ	40	0	0	0	0	0	0	0	0	0	0	0	0	0	0	0	1	6	13	25	135	237	664	1234	2263	3380	5860	8613	6539	8731	7213	5086	0	0
FFQ	41	0	0	0	0	0	0	0	0	0	0	0	0	0	0	0	1	1	7	24	145	266	712	1245	2399	3237	5873	8466	6543	8822	7156	5103	0	0
FFQ	42	0	0	0	0	0	0	0	0	0	0	0	0	0	0	0	2	3	10	30	169	268	772	1333	2388	3373	5882	8591	6433	8712	7138	4896	0	0
FFQ	43	0	0	0	0	0	0	0	0	0	0	0	0	0	0	1	0	7	17	48	210	323	863	1426	2406	3425	5895	8537	6515	8424	7079	4824	0	0
FFQ	44	0	0	0	0	0	0	0	0	0	0	0	0	0	0	1	2	5	18	55	240	362	865	1484	2452	3593	5901	8271	6509	8558	7051	4633	0	0
FFQ	45	0	0	0	0	0	0	0	0	0	0	0	0	0	0	0	1	7	14	63	283	425	968	1591	2535	5520	8637	6022	10349	7570	3909	2106	0	0
FFQ	46	0	0	0	0	0	0	0	0	0	0	0	0	0	0	0	1	9	24	74	313	463	933	1578	2622	3447	5896	8371	6376	8347	6872	4674	0	0
FFQ	47	0	0	0	0	0	0	0	0	0	0	0	0	0	0	0	0	11	20	88	340	530	1028	1665	2566	3584	5762	8213	6040	8373	7035	4745	0	0
FFQ	48	0	0	0	0	0	0	0	0	0	0	0	0	0	0	2	6	11	28	119	359	497	1071	1666	2597	3384	5834	8283	6105	8451	7041	4546	0	0
FFQ	49	0	0	0	0	0	0	0	0	0	0	0	0	0	0	1	4	19	46	105	424	596	1169	1874	2721	3398	5622	8130	6072	8267	6894	4658	0	0
FFQ	50	0	0	0	0	0	0	0	0	0	0	0	0	0	0	0	7	19	44	142	461	596	1179	1802	2715	3500	5720	8032	6082	8366	6780	4555	0	0
FFQ	51	0	0	0	0	0	0	0	0	0	0	0	0	0	0	1	4	27	37	169	574	698	1193	1825	2682	3554	5666	8013	6008	8185	6847	4517	0	0
FFQ	52	0	0	0	0	0	0	0	0	0	0	0	0	0	0	1	3	21	55	168	512	733	1271	1982	2840	3418	5655	8058	5904	8159	6867	4353	0	0
FFQ	53	0	0	0	0	0	0	0	0	0	0	0	0	0	0	1	4	33	74	191	621	754	1413	1868	2864	3401	5648	8060	5712	8180	6747	4429	0	0
FFQ	54	0	0	0	0	0	0	0	0	0	0	0	0	0	0	0	4	32	85	193	678	786	1325	1925	2823	3545	5476	7924	5906	8190	6805	4303	0	0
FFQ	55	0	0	0	0	0	0	0	0	0	0	0	0	0	0	2	7	45	81	245	735	844	1430	2064	2794	3365	5457	7983	5675	8075	6824	4374	0	0
FFQ	56	0	0	0	0	0	1	0	0	0	0	0	0	0	0	1	11	54	100	221	751	901	1441	2068	2838	3406	5501	7805	5595	8290	6619	4397	0	0
FFQ	57	0	0	0	0	0	0	0	0	0	0	0	0	0	0	3	10	53	104	245	758	927	1524	2058	2868	3359	5488	7897	5556	8276	6593	4281	0	0
FFQ	58	0	0	0	0	0	0	0	0	0	0	0	0	0	0	1	11	65	172	270	887	961	1564	2103	2830	3552	5438	7670	5562	7975	6840	4099	0	0
FFQ	59	0	0	0	0	0	0	0	0	0	0	0	0	0	0	0	11	60	144	319	909	1032	1623	2134	2921	3413	5288	7702	5479	7955	6757	4253	0	0
FFQ	60	0	0	0	0	0	0	0	0	0	0	0	0	0	0	2	11	82	162	325	984	1067	1538	2152	2878	3433	5360	7614	5415	8101	6730	4146	0	0
FFQ	61	0	0	0	0	0	1	0	0	0	0	0	0	0	0	5	21	106	206	351	1063	1059	1644	2273	2838	3436	5257	7623	5281	7938	6684	4214	0	0
FFQ	62	0	0	0	0	0	2	0	0	0	0	0	0	0	0	7	21	117	200	433	1085	1062	1666	2113	2914	3336	5325	7476	5375	7982	6728	4158	0	0
FFQ	63	0	0	0	0	0	0	0	0	0	0	0	0	0	0	6	24	110	247	439	1144	1192	1635	2176	2931	3342	5261	7490	5314	7953	6641	4095	0	0
FFQ	64	1	0	0	0	0	0	0	0	0	0	0	0	0	0	3	26	103	258	444	1188	1184	1796	2222	2907	3332	5231	7363	5206	7907	6632	4197	0	0
FFQ	65	0	0	1	0	0	0	0	0	0	0	0	0	0	0	6	32	144	306	453	1229	1239	1771	2219	2905	3236	5187	7434	5303	7786	6657	4092	0	0
FFQ	66	0	0	0	1	0	0	0	0	0	0	0	0	0	0	8	32	135	298	501	1290	1224	1818	2262	2941	5151	8089	5158	9297	6793	3553	1449	0	0
FFQ	67	0	0	0	0	0	0	0	0	0	0	0	0	0	0	11	45	180	325	532	1328	1287	1802	2276	2887	3234	5137	7230	5076	7939	6622	4089	0	0
FFQ	68	2	1	0	0	0	0	0	0	0	0	0	0	0	0	10	42	203	337	569	1361	1340	1838	2211	2799	3211	5104	7298	5140	7886	6591	4057	0	0
FFQ	69	0	1	0	0	0	0	0	0	0	0	0	0	0	0	8	47	195	389	615	1436	1322	1885	2324	2839	3234	5144	7138	5197	7774	6565	3887	0	0
FFQ	70	1	1	0	0	0	1	0	0	0	0	0	0	0	0	15	51	224	481	603	1557	1307	1804	2355	2801	3242	5000	7355	5039	7826	6419	3918	0	0
FFQ	71	0	0	1	0	0	0	0	0	0	0	0	0	0	0	11	64	255	438	631	1510	1360	1848	2291	2792	5158	7776	5100	9105	6831	3482	1347	0	0
FFQ	72	0	0	0	0	0	0	0	0	0	0	0	0	0	0	20	71	251	518	662	1538	1419	1931	2304	2859	5074	7664	4939	9180	6775	3456	1339	0	0
FFQ	73	2	0	0	0	0	2	0	0	0	0	0	0	0	0	25	82	281	550	636	1596	1443	1894	2268	2775	5052	7787	4975	9002	6919	3374	1337	0	0
FFQ	74	0	0	0	1	0	1	0	0	0	0	0	0	0	0	24	76	330	592	696	1654	1427	1982	2316	2796	5033	7570	4998	8970	6748	3468	1318	0	0
FFQ	75	1	2	0	2	3	2	0	0	0	0	0	0	0	0	18	98	350	637	687	1764	1545	1969	2342	2844	4984	7443	4854	9053	6720	3414	1268	0	0
FFQ	76	2	1	0	1	0	0	0	0	0	0	0	0	0	0	32	104	367	687	747	1755	1548	1918	2228	2749	4967	7543	4767	9028	6840	3469	1247	0	0
FFQ	77	2	0	2	0	0	0	0	0	0	0	0	0	0	0	39	85	402	606	732	1783	1525	1945	2257	2771	5025	7468	4900	8884	6847	3453	1274	0	0
FFQ	78	0	1	0	0	0	2	0	0	0	0	0	0	0	0	29	124	436	678	751	1811	1515	2039	2289	2813	4899	7555	4826	8827	6750	3405	1250	0	0
FFQ	79	0	0	0	0	2	0	0	0	0	0	0	0	0	0	17	112	410	804	829	1755	1560	1938	2324	4630	7742	5335	9032	7853	3688	795	1174	0	0
FFQ	80	3	1	1	0	0	1	0	0	0	0	0	0	0	0	35	123	473	815	846	1812	1633	1973	2318	4783	7674	5243	8808	7934	3632	710	1182	0	0
FFQ	81	4	0	0	0	2	1	0	0	0	0	0	0	0	0	37	134	500	837	826	1846	1626	1945	2353	4752	7738	5321	8949	8067	3911	1151	0	0	0
FFQ	82	2	0	0	0	2	2	0	0	0	0	0	0	0	0	48	183	537	892	875	1903	1597	1999	2258	2655	4892	7357	4735	8729	6701	3394	1239	0	0
FFQ	83	4	2	0	1	4	1	0	0	0	0	0	0	0	52	71	96	543	911	888	2001	1634	1927	2316	4585	7669	5146	8782	7765	3713	767	1122	0	0
FFQ	84	1	0	1	0	0	3	0	0	0	0	0	0	0	0	36	169	573	1008	952	2056	1624	2043	2294	4666	7506	5187	8735	8273	3782	1091	0	0	0
FFQ	85	5	2	1	0	2	3	0	0	0	0	0	0	0	0	40	192	652	1037	930	2031	1602	1987	2244	4619	7502	5247	8651	7728	3647	768	1110	0	0
FFQ	86	4	0	2	2	1	3	0	0	0	0	0	0	0	0	58	177	652	1041	947	2067	1606	1949	2370	4587	7550	5179	8669	7763	3558	727	1088	0	0
FFQ	87	12	0	0	4	0	2	0	0	0	0	0	0	0	0	60	221	673	1072	1007	2025	1672	2007	2260	4637	7399	5136	8826	7624	3573	704	1086	0	0
FFQ	88	8	2	1	2	4	1	0	0	0	0	0	0	0	0	65	259	678	1047	1017	2126	1706	2682	2068	4588	7033	5402	9375	7099	3064	721	1052	0	0
FFQ	89	8	1	2	0	1	3	0	0	0	0	0	0	0	0	61	272	715	1088	1054	2101	1756	2001	2308	4594	7469	5026	8566	7553	3608	737	1076	0	0
FFQ	90	5	1	2	0	6	5	0	0	0	0	0	0	0	0	67	249	755	1446	1286	1765	1634	1912	2197	4581	7552	4914	8719	8067	3823	1014	0	0	0
FFQ	91	3	3	3	3	0	2	0	0	0	0	0	0	0	0	85	322	780	1210	1066	2248	1681	2035	4820	7260	5631	8079	7509	4609	941	631	1079	0	0
FFQ	92	9	2	2	2	3	7	0	0	0	0	0	0	0	0	90	252	814	1230	1065	2300	1700	2027	4718	7717	4494	9052	8425	3984	387	660	1060	0	0
FFQ	93	12	3	2	5	5	9	0	0	0	0	0	0	0	0	66	251	777	1374	1139	2222	1762	1936	2230	4449	7504	4934	8520	7983	3825	992	0	0	0
FFQ	94	11	1	3	4	3	9	0	0	0	0	0	0	0	0	69	345	947	1291	1086	2320	2148	2263	3826	6903	5540	9722	8425	3431	620	1033	0	0	0
FFQ	95	10	2	0	4	4	3	0	0	0	0	0	0	0	0	86	273	920	1405	1122	2376	2262	2256	3846	7296	5387	9021	6739	4819	1164	1005	0	0	0
FFQ	96	14	5	3	3	6	5	0	0	0	0	0	0	0	97	107	192	948	1442	1166	2302	1742	2648	3923	7191	4793	9746	7454	4016	1181	1016	0	0	0
FFQ	97	16	2	5	10	8	9	0	0	0	0	0	0	0	0	84	452	1095	1171	1160	2317	1724	1950	4302	7131	5511	9729	8147	3509	639	1029	0	0	0
FFQ	98	15	6	5	10	7	13	0	0	0	0	0	0	0	0	91	470	1191	1289	1171	2318	1738	2570	4510	7740	4250	9155	7312	4027	1118	994	0	0	0
FFQ	99	21	4	4	8	9	17	0	0	0	0	0	0	0	0	89	423	1013	1794	1488	2071	1559	3913	6819	4930	9361	8500	4409	1457	1107	997	0	0	0
FFQ	100	0	0	0	0	0	0	0	0	0	0	0	0	0	0	178	437	881	1466	1174	2281	1751	2002	4706	7591	4445	8740	8043	3746	399	653	982	0	0
# Last Fragment Qualities. Use `grep ^LFQ | cut -f 2-` to extract this part.
# Columns correspond to qualities and rows to cycles. First column is the cycle number.
# GC Content of first fragments. Use `grep ^GCF | cut -f 2-` to extract this part.
GCF	0.25	4
GCF	1.01	6
GCF	2.01	11
GCF	3.02	13
GCF	4.02	12
GCF	5.03	21
GCF	6.03	25
GCF	7.04	13
GCF	8.04	7
GCF	9.05	6
GCF	10.05	15
GCF	11.06	10
GCF	12.06	14
GCF	13.07	11
GCF	13.82	19
GCF	14.32	20
GCF	15.08	13
GCF	16.08	22
GCF	16.83	18
GCF	17.34	17
GCF	18.09	33
GCF	18.84	48
GCF	19.35	49
GCF	19.85	77
GCF	20.35	76
GCF	20.85	112
GCF	21.36	113
GCF	21.86	123
GCF	22.36	124
GCF	22.86	192
GCF	23.37	195
GCF	23.87	228
GCF	24.37	223
GCF	24.87	325
GCF	25.38	330
GCF	25.88	393
GCF	26.38	395
GCF	26.88	610
GCF	27.39	606
GCF	27.89	762
GCF	28.39	772
GCF	28.89	1008
GCF	29.40	1010
GCF	29.90	1279
GCF	30.40	1275
GCF	30.90	1583
GCF	31.41	1589
GCF	31.91	1836
GCF	32.41	1835
GCF	32.91	2193
GCF	33.42	2201
GCF	34.17	2488
GCF	34.92	2757
GCF	35.43	2771
GCF	35.93	2983
GCF	36.43	2987
GCF	36.93	3236
GCF	37.44	3216
GCF	37.94	3261
GCF	38.44	3270
GCF	39.20	3214
GCF	40.20	3061
GCF	40.95	2870
GCF	41.46	2856
GCF	41.96	2716
GCF	42.46	2724
GCF	42.96	2404
GCF	43.47	2405
GCF	43.97	1977
GCF	44.47	1971
GCF	44.97	1659
GCF	45.48	1660
GCF	45.98	1470
GCF	46.48	1465
GCF	46.98	1143
GCF	47.49	1141
GCF	48.24	935
GCF	48.99	748
GCF	49.50	738
GCF	50.00	528
GCF	50.50	529
GCF	51.26	401
GCF	52.01	298
GCF	52.51	297
GCF	53.02	226
GCF	53.52	225
GCF	54.02	149
GCF	54.52	147
GCF	55.03	146
GCF	55.53	145
GCF	56.03	82
GCF	56.53	84
GCF	57.04	61
GCF	57.54	60
GCF	58.04	41
GCF	58.54	40
GCF	59.30	30
GCF	60.30	23
GCF	61.31	14
GCF	62.31	9
GCF	63.32	11
GCF	64.32	5
GCF	65.33	6
GCF	66.33	3
GCF	67.09	2
GCF	67.59	3
GCF	68.09	1
# GC Content of last fragments. Use `grep ^GCL | cut -f 2-` to extract this part.
# ACGT content per cycle. Use `grep ^GCC | cut -f 2-` to extract this part. The columns are: cycle; A,C,G,T base counts as a percentage of all A/C/G/T bases [%]; and N and O counts as a percentage of all A/C/G/T bases [%]
GCC	1	30.92	19.29	19.19	30.60	0.00	0.00
GCC	2	30.71	19.30	19.16	30.83	0.01	0.00
GCC	3	30.87	19.08	19.28	30.77	0.02	0.00
GCC	4	30.94	19.05	19.17	30.84	0.02	0.00
GCC	5	30.81	18.99	19.21	30.99	0.02	0.00
GCC	6	31.08	18.92	19.11	30.89	0.02	0.00
GCC	7	31.21	18.96	18.94	30.90	0.01	0.00
GCC	8	31.01	18.97	19.17	30.85	0.01	0.00
GCC	9	30.97	18.58	19.21	31.24	0.02	0.00
GCC	10	31.01	18.93	18.93	31.14	0.00	0.00
GCC	11	31.09	19.22	19.07	30.61	0.01	0.00
GCC	12	30.91	18.97	19.23	30.89	0.01	0.00
GCC	13	30.71	19.27	19.10	30.93	0.01	0.00
GCC	14	30.78	19.26	19.14	30.82	0.02	0.00
GCC	15	30.89	19.04	19.41	30.65	0.01	0.00
GCC	16	30.86	19.11	19.24	30.79	0.02	0.00
GCC	17	30.91	19.19	19.06	30.84	0.01	0.00
GCC	18	30.47	19.29	19.13	31.12	0.02	0.00
GCC	19	30.93	19.33	18.66	31.09	0.01	0.00
GCC	20	31.07	18.91	19.12	30.90	0.01	0.00
GCC	21	30.69	19.34	18.93	31.04	0.02	0.00
GCC	22	30.76	19.23	18.90	31.11	0.02	0.00
GCC	23	30.93	19.08	19.01	30.98	0.01	0.00
GCC	24	31.17	18.99	18.88	30.96	0.03	0.00
GCC	25	31.17	19.06	18.67	31.10	0.02	0.00
GCC	26	31.32	18.92	19.18	30.57	0.01	0.00
GCC	27	30.89	18.92	19.24	30.95	0.01	0.00
GCC	28	31.03	19.30	19.24	30.42	0.03	0.00
GCC	29	30.87	18.94	18.93	31.26	0.01	0.00
GCC	30	31.01	19.41	18.88	30.69	0.02	0.00
GCC	31	31.31	19.14	19.08	30.47	0.02	0.00
GCC	32	31.23	19.08	19.15	30.54	0.01	0.00
GCC	33	31.02	19.50	18.96	30.51	0.01	0.00
GCC	34	31.18	18.83	19.19	30.80	0.02	0.00
GCC	35	30.92	19.00	19.22	30.86	0.02	0.00
GCC	36	30.87	18.92	19.36	30.85	0.01	0.00
GCC	37	31.19	19.03	19.16	30.62	0.01	0.00
GCC	38	31.13	18.86	19.13	30.88	0.02	0.00
GCC	39	30.96	19.27	18.97	30.80	0.02	0.00
GCC	40	31.02	19.32	18.84	30.81	0.02	0.00
GCC	41	30.80	18.93	19.15	31.13	0.01	0.00
GCC	42	30.89	19.05	19.10	30.95	0.03	0.00
GCC	43	30.96	19.14	19.23	30.66	0.02	0.00
GCC	44	30.81	19.29	18.93	30.97	0.00	0.00
GCC	45	30.88	19.32	19.17	30.64	0.02	0.00
GCC	46	30.69	19.32	18.99	30.99	0.01	0.00
GCC	47	30.75	18.94	19.28	31.03	0.02	0.00
GCC	48	30.74	18.98	19.16	31.13	0.02	0.00
GCC	49	31.20	18.97	19.08	30.75	0.01	0.00
GCC	50	31.10	18.93	19.22	30.75	0.02	0.00
GCC	51	31.02	19.18	19.10	30.70	0.02	0.00
GCC	52	30.99	19.15	19.27	30.60	0.02	0.00
GCC	53	30.53	19.29	19.31	30.87	0.02	0.00
GCC	54	30.88	19.09	19.14	30.89	0.01	0.00
GCC	55	31.06	19.43	18.78	30.73	0.02	0.00
GCC	56	30.91	18.88	18.96	31.25	0.02	0.00
GCC	57	30.98	19.24	19.13	30.65	0.02	0.00
GCC	58	30.69	19.42	19.06	30.83	0.02	0.00
GCC	59	30.87	18.87	19.13	31.13	0.02	0.00
GCC	60	31.25	18.99	19.18	30.58	0.02	0.00
GCC	61	30.75	18.91	19.17	31.16	0.00	0.00
GCC	62	30.92	18.91	19.12	31.05	0.01	0.00
GCC	63	30.95	18.74	19.34	30.97	0.00	0.00
GCC	64	30.67	19.33	19.07	30.92	0.03	0.00
GCC	65	31.00	19.19	19.01	30.81	0.01	0.00
GCC	66	30.87	19.23	19.29	30.61	0.01	0.00
GCC	67	31.17	18.93	18.98	30.92	0.02	0.00
GCC	68	30.95	19.10	19.07	30.87	0.03	0.00
GCC	69	30.88	19.21	18.98	30.94	0.03	0.00
GCC	70	30.94	19.19	18.89	30.98	0.03	0.00
GCC	71	30.62	19.05	18.94	31.39	0.03	0.00
GCC	72	30.46	19.20	19.30	31.04	0.03	0.00
GCC	73	31.27	19.14	18.82	30.77	0.02	0.00
GCC	74	31.01	18.92	19.41	30.65	0.03	0.00
GCC	75	31.05	18.97	19.18	30.79	0.03	0.00
GCC	76	30.89	18.65	19.43	31.03	0.04	0.00
GCC	77	31.08	19.14	19.07	30.71	0.04	0.00
GCC	78	30.62	19.29	19.08	31.01	0.06	0.00
GCC	79	30.98	19.13	18.94	30.95	0.06	0.00
GCC	80	31.05	19.10	19.11	30.74	0.04	0.00
GCC	81	30.94	18.98	19.28	30.80	0.04	0.00
GCC	82	30.83	18.90	19.23	31.03	0.05	0.00
GCC	83	30.81	19.13	19.21	30.85	0.07	0.00
GCC	84	31.02	19.34	19.04	30.60	0.05	0.00
GCC	85	30.63	19.17	19.56	30.64	0.07	0.00
GCC	86	30.89	19.29	19.08	30.74	0.05	0.00
GCC	87	30.95	19.07	19.11	30.87	0.06	0.00
GCC	88	31.03	19.09	19.09	30.79	0.06	0.00
GCC	89	31.16	19.35	18.89	30.60	0.07	0.00
GCC	90	30.89	19.14	19.34	30.63	0.07	0.00
GCC	91	30.80	19.36	19.38	30.46	0.09	0.00
GCC	92	30.94	19.28	19.05	30.73	0.06	0.00
GCC	93	30.52	19.15	19.35	30.98	0.10	0.00
GCC	94	30.96	19.38	18.83	30.83	0.08	0.00
GCC	95	30.62	19.07	19.12	31.19	0.07	0.00
GCC	96	31.08	19.06	18.98	30.88	0.08	0.00
GCC	97	30.69	19.02	19.13	31.16	0.12	0.00
GCC	98	30.46	19.37	19.11	31.05	0.10	0.00
GCC	99	30.92	19.02	19.25	30.82	0.10	0.00
GCC	100	30.84	19.41	19.21	30.54	0.00	0.00
# ACGT content per cycle for first fragments. Use `grep ^FBC | cut -f 2-` to extract this part. The columns are: cycle; A,C,G,T base counts as a percentage of all A/C/G/T bases [%]; and N and O counts as a percentage of all A/C/G/T bases [%]
FBC	1	30.92	19.29	19.19	30.60	0.00	0.00
FBC	2	30.71	19.30	19.16	30.83	0.01	0.00
FBC	3	30.87	19.08	19.28	30.77	0.02	0.00
FBC	4	30.94	19.05	19.17	30.84	0.02	0.00
FBC	5	30.81	18.99	19.21	30.99	0.02	0.00
FBC	6	31.08	18.92	19.11	30.89	0.02	0.00
FBC	7	31.21	18.96	18.94	30.90	0.01	0.00
FBC	8	31.01	18.97	19.17	30.85	0.01	0.00
FBC	9	30.97	18.58	19.21	31.24	0.02	0.00
FBC	10	31.01	18.93	18.93	31.14	0.00	0.00
FBC	11	31.09	19.22	19.07	30.61	0.01	0.00
FBC	12	30.91	18.97	19.23	30.89	0.01	0.00
FBC	13	30.71	19.27	19.10	30.93	0.01	0.00
FBC	14	30.78	19.26	19.14	30.82	0.02	0.00
FBC	15	30.89	19.04	19.41	30.65	0.01	0.00
FBC	16	30.86	19.11	19.24	30.79	0.02	0.00
FBC	17	30.91	19.19	19.06	30.84	0.01	0.00
FBC	18	30.47	19.29	19.13	31.12	0.02	0.00
FBC	19	30.93	19.33	18.66	31.09	0.01	0.00
FBC	20	31.07	18.91	19.12	30.90	0.01	0.00
FBC	21	30.69	19.34	18.93	31.04	0.02	0.00
FBC	22	30.76	19.23	18.90	31.11	0.02	0.00
FBC	23	30.93	19.08	19.01	30.98	0.01	0.00
FBC	24	31.17	18.99	18.88	30.96	0.03	0.00
FBC	25	31.17	19.06	18.67	31.10	0.02	0.00
FBC	26	31.32	18.92	19.18	30.57	0.01	0.00
FBC	27	30.89	18.92	19.24	30.95	0.01	0.00
FBC	28	31.03	19.30	19.24	30.42	0.03	0.00
FBC	29	30.87	18.94	18.93	31.26	0.01	0.00
FBC	30	31.01	19.41	18.88	30.69	0.02	0.00
FBC	31	31.31	19.14	19.08	30.47	0.02	0.00
FBC	32	31.23	19.08	19.15	30.54	0.01	0.00
FBC	33	31.02	19.50	18.96	30.51	0.01	0.00
FBC	34	31.18	18.83	19.19	30.80	0.02	0.00
FBC	35	30.92	19.00	19.22	30.86	0.02	0.00
FBC	36	30.87	18.92	19.36	30.85	0.01	0.00
FBC	37	31.19	19.03	19.16	30.62	0.01	0.00
FBC	38	31.13	18.86	19.13	30.88	0.02	0.00
FBC	39	30.96	19.27	18.97	30.80	0.02	0.00
FBC	40	31.02	19.32	18.84	30.81	0.02	0.00
FBC	41	30.80	18.93	19.15	31.13	0.01	0.00
FBC	42	30.89	19.05	19.10	30.95	0.03	0.00
FBC	43	30.96	19.14	19.23	30.66	0.02	0.00
FBC	44	30.81	19.29	18.93	30.97	0.00	0.00
FBC	45	30.88	19.32	19.17	30.64	0.02	0.00
FBC	46	30.69	19.32	18.99	30.99	0.01	0.00
FBC	47	30.75	18.94	19.28	31.03	0.02	0.00
FBC	48	30.74	18.98	19.16	31.13	0.02	0.00
FBC	49	31.20	18.97	19.08	30.75	0.01	0.00
FBC	50	31.10	18.93	19.22	30.75	0.02	0.00
FBC	51	31.02	19.18	19.10	30.70	0.02	0.00
FBC	52	30.99	19.15	19.27	30.60	0.02	0.00
FBC	53	30.53	19.29	19.31	30.87	0.02	0.00
FBC	54	30.88	19.09	19.14	30.89	0.01	0.00
FBC	55	31.06	19.43	18.78	30.73	0.02	0.00
FBC	56	30.91	18.88	18.96	31.25	0.02	0.00
FBC	57	30.98	19.24	19.13	30.65	0.02	0.00
FBC	58	30.69	19.42	19.06	30.83	0.02	0.00
FBC	59	30.87	18.87	19.13	31.13	0.02	0.00
FBC	60	31.25	18.99	19.18	30.58	0.02	0.00
FBC	61	30.75	18.91	19.17	31.16	0.00	0.00
FBC	62	30.92	18.91	19.12	31.05	0.01	0.00
FBC	63	30.95	18.74	19.34	30.97	0.00	0.00
FBC	64	30.67	19.33	19.07	30.92	0.03	0.00
FBC	65	31.00	19.19	19.01	30.81	0.01	0.00
FBC	66	30.87	19.23	19.29	30.61	0.01	0.00
FBC	67	31.17	18.93	18.98	30.92	0.02	0.00
FBC	68	30.95	19.10	19.07	30.87	0.03	0.00
FBC	69	30.88	19.21	18.98	30.94	0.03	0.00
FBC	70	30.94	19.19	18.89	30.98	0.03	0.00
FBC	71	30.62	19.05	18.94	31.39	0.03	0.00
FBC	72	30.46	19.20	19.30	31.04	0.03	0.00
FBC	73	31.27	19.14	18.82	30.77	0.02	0.00
FBC	74	31.01	18.92	19.41	30.65	0.03	0.00
FBC	75	31.05	18.97	19.18	30.79	0.03	0.00
FBC	76	30.89	18.65	19.43	31.03	0.04	0.00
FBC	77	31.08	19.14	19.07	30.71	0.04	0.00
FBC	78	30.62	19.29	19.08	31.01	0.06	0.00
FBC	79	30.98	19.13	18.94	30.95	0.06	0.00
FBC	80	31.05	19.10	19.11	30.74	0.04	0.00
FBC	81	30.94	18.98	19.28	30.80	0.04	0.00
FBC	82	30.83	18.90	19.23	31.03	0.05	0.00
FBC	83	30.81	19.13	19.21	30.85	0.07	0.00
FBC	84	31.02	19.34	19.04	30.60	0.05	0.00
FBC	85	30.63	19.17	19.56	30.64	0.07	0.00
FBC	86	30.89	19.29	19.08	30.74	0.05	0.00
FBC	87	30.95	19.07	19.11	30.87	0.06	0.00
FBC	88	31.03	19.09	19.09	30.79	0.06	0.00
FBC	89	31.16	19.35	18.89	30.60	0.07	0.00
FBC	90	30.89	19.14	19.34	30.63	0.07	0.00
FBC	91	30.80	19.36	19.38	30.46	0.09	0.00
FBC	92	30.94	19.28	19.05	30.73	0.06	0.00
FBC	93	30.52	19.15	19.35	30.98	0.10	0.00
FBC	94	30.96	19.38	18.83	30.83	0.08	0.00
FBC	95	30.62	19.07	19.12	31.19	0.07	0.00
FBC	96	31.08	19.06	18.98	30.88	0.08	0.00
FBC	97	30.69	19.02	19.13	31.16	0.12	0.00
FBC	98	30.46	19.37	19.11	31.05	0.10	0.00
FBC	99	30.92	19.02	19.25	30.82	0.10	0.00
FBC	100	30.84	19.41	19.21	30.54	0.00	0.00
# ACGT raw counters for first fragments. Use `grep ^FTC | cut -f 2-` to extract this part. The columns are: A,C,G,T,N base counters
FTC	1545362	955189	955238	1542222	1457
# ACGT content per cycle for last fragments. Use `grep ^LBC | cut -f 2-` to extract this part. The columns are: cycle; A,C,G,T base counts as a percentage of all A/C/G/T bases [%]; and N and O counts as a percentage of all A/C/G/T bases [%]
# ACGT raw counters for last fragments. Use `grep ^LTC | cut -f 2-` to extract this part. The columns are: A,C,G,T,N base counters
LTC	0	0	0	0	0
# Insert sizes. Use `grep ^IS | cut -f 2-` to extract this part. The columns are: insert size, pairs total, inward oriented pairs, outward oriented pairs, other pairs
# Read lengths. Use `grep ^RL | cut -f 2-` to extract this part. The columns are: read length, count
RL	98	7
RL	99	518
RL	100	49475
# Read lengths - first fragments. Use `grep ^FRL | cut -f 2-` to extract this part. The columns are: read length, count
FRL	98	7
FRL	99	518
FRL	100	49475
# Read lengths - last fragments. Use `grep ^LRL | cut -f 2-` to extract this part. The columns are: read length, count
# Indel distribution. Use `grep ^ID | cut -f 2-` to extract this part. The columns are: length, number of insertions, number of deletions
ID	1	208	241
ID	2	1	0
# Indels per cycle. Use `grep ^IC | cut -f 2-` to extract this part. The columns are: cycle, number of insertions (fwd), .. (rev) , number of deletions (fwd), .. (rev)
IC	4	3	0	5	0
IC	5	4	0	3	0
IC	6	2	0	1	0
IC	7	3	0	2	0
IC	8	1	0	4	0
IC	9	3	0	5	0
IC	10	1	0	2	0
IC	11	1	0	2	0
IC	12	5	0	2	0
IC	13	0	0	1	0
IC	14	3	0	0	0
IC	15	0	0	4	0
IC	16	1	0	2	0
IC	17	4	0	4	0
IC	18	1	0	2	0
IC	19	1	0	2	0
IC	20	0	0	6	0
IC	21	1	0	5	0
IC	22	2	0	2	0
IC	23	2	0	3	0
IC	24	6	0	2	0
IC	25	4	0	0	0
IC	26	3	0	4	0
IC	27	1	0	2	0
IC	28	2	0	5	0
IC	29	0	0	4	0
IC	30	3	0	3	0
IC	31	0	0	4	0
IC	32	4	0	0	0
IC	33	2	0	4	0
IC	34	1	0	3	0
IC	35	0	0	6	0
IC	36	2	0	1	0
IC	37	3	0	2	0
IC	38	2	0	2	0
IC	39	3	0	4	0
IC	40	2	0	1	0
IC	41	1	0	3	0
IC	42	1	0	3	0
IC	43	1	0	2	0
IC	44	0	0	3	0
IC	45	2	0	2	0
IC	46	3	0	0	0
IC	47	1	0	2	0
IC	48	2	0	2	0
IC	49	2	0	3	0
IC	50	1	0	0	0
IC	51	3	0	3	0
IC	52	1	0	3	0
IC	53	1	0	0	0
IC	54	4	0	4	0
IC	55	1	0	2	0
IC	56	3	0	0	0
IC	57	1	0	1	0
IC	58	0	0	3	0
IC	59	4	0	1	0
IC	60	3	0	3	0
IC	61	7	0	3	0
IC	62	3	0	5	0
IC	63	2	0	1	0
IC	64	3	0	2	0
IC	65	2	0	1	0
IC	66	2	0	1	0
IC	67	1	0	2	0
IC	68	1	0	5	0
IC	69	2	0	2	0
IC	70	0	0	1	0
IC	71	0	0	3	0
IC	72	9	0	4	0
IC	73	6	0	3	0
IC	74	3	0	4	0
IC	75	6	0	2	0
IC	76	5	0	0	0
IC	77	4	0	1	0
IC	78	4	0	1	0
IC	79	4	0	2	0
IC	80	0	0	4	0
IC	81	2	0	3	0
IC	82	1	0	4	0
IC	83	1	0	1	0
IC	84	1	0	4	0
IC	85	3	0	1	0
IC	86	2	0	2	0
IC	87	1	0	5	0
IC	88	3	0	3	0
IC	89	3	0	3	0
IC	90	0	0	4	0
IC	91	2	0	2	0
IC	92	5	0	3	0
IC	93	1	0	3	0
IC	94	1	0	3	0
IC	95	5	0	3	0
IC	96	1	0	6	0
IC	97	2	0	0	0
# Coverage distribution. Use `grep ^COV | cut -f 2-` to extract this part.
COV	[1-1]	1	3325526
COV	[2-2]	2	673448
COV	[3-3]	3	93426
COV	[4-4]	4	10300
COV	[5-5]	5	913
COV	[6-6]	6	73
# GC-depth. Use `grep ^GCD | cut -f 2-` to extract this part. The columns are: GC%, unique sequence percentiles, 10th, 25th, 50th, 75th and 90th depth percentile
GCD	0.0	0.329	0.000	0.000	0.000	0.000	0.000
GCD	3.7	0.493	0.104	0.104	0.104	0.104	0.104
GCD	16.0	0.658	0.366	0.366	0.366	0.366	0.366
GCD	17.0	0.987	0.371	0.371	0.376	0.381	0.381
GCD	18.0	1.151	0.401	0.401	0.401	0.401	0.401
GCD	34.0	1.316	0.495	0.495	0.495	0.495	0.495
GCD	35.0	2.303	0.104	0.271	0.423	0.455	0.470
GCD	36.0	8.059	0.369	0.396	0.421	0.455	0.500
GCD	37.0	28.947	0.350	0.376	0.406	0.436	0.461
GCD	38.0	59.539	0.350	0.376	0.411	0.442	0.470
GCD	39.0	80.263	0.337	0.370	0.403	0.437	0.470
GCD	40.0	93.257	0.366	0.381	0.416	0.450	0.485
GCD	41.0	98.355	0.352	0.386	0.416	0.441	0.479
GCD	42.0	99.836	0.094	0.406	0.431	0.450	0.505
GCD	43.0	100.000	0.351	0.351	0.351	0.351	0.351
